-6.347011923789978027e-01 -9.994395375251770020e-01
9.849116802215576172e-01 7.985105365514755249e-02
-3.639755547046661377e-01 9.997181892395019531e-01
3.247998654842376709e-01 -9.754436016082763672e-01
-3.264462053775787354e-01 9.982550144195556641e-01
8.598162233829498291e-02 -4.481172561645507812e-01
4.613734185695648193e-01 9.984108805656433105e-01
-7.478622198104858398e-01 9.994111061096191406e-01
-6.897363066673278809e-01 -9.954676032066345215e-01
6.926868557929992676e-01 -9.931975603103637695e-01
8.216559886932373047e-01 -9.819347262382507324e-01
1.832353770732879639e-01 -7.998149394989013672e-01
5.748523473739624023e-01 -9.898999333381652832e-01
-9.992749094963073730e-01 -9.259499907493591309e-01
9.950510263442993164e-01 -7.915524840354919434e-01
7.259174585342407227e-01 -9.931251406669616699e-01
-9.993346333503723145e-01 6.809840798377990723e-01
-8.772396445274353027e-01 -9.911377429962158203e-01
5.583145655691623688e-03 -8.045344948768615723e-01
-9.621866978704929352e-03 -2.158970087766647339e-01
4.306570887565612793e-01 9.987810254096984863e-01
9.099285006523132324e-01 -9.833834767341613770e-01
7.509935498237609863e-01 -9.888541698455810547e-01
-9.851336479187011719e-01 -5.496910214424133301e-01
-9.868494272232055664e-01 3.827113211154937744e-01
9.838340282440185547e-01 -1.706097573041915894e-01
-4.513188898563385010e-01 9.995017647743225098e-01
4.040045738220214844e-01 -9.993293881416320801e-01
4.311140179634094238e-01 -9.979094862937927246e-01
7.782180309295654297e-01 9.992796182632446289e-01
5.087526440620422363e-01 9.979941248893737793e-01
7.188786864280700684e-01 9.998271465301513672e-01
4.765388369560241699e-02 -6.476331353187561035e-01
-4.060991406440734863e-01 9.999712109565734863e-01
-8.382186293601989746e-01 9.919916987419128418e-01
2.360737696290016174e-02 -3.019621670246124268e-01
-8.789321780204772949e-01 9.828891158103942871e-01
-2.260393947362899780e-01 8.523540943861007690e-02
-9.528390169143676758e-01 -2.998506426811218262e-01
9.878120422363281250e-01 -5.976806879043579102e-01
4.535887539386749268e-01 -9.949164986610412598e-01
-9.587012529373168945e-01 -4.037559926509857178e-01
-9.998053312301635742e-01 -9.917979836463928223e-01
-7.697562575340270996e-01 -9.925787448883056641e-01
9.825810194015502930e-01 -4.333648830652236938e-02
7.242836952209472656e-01 9.998892545700073242e-01
9.851283431053161621e-01 -4.801211953163146973e-01
9.125450253486633301e-01 9.631966948509216309e-01
9.601127505302429199e-01 -9.943699836730957031e-01
-9.749768972396850586e-01 -9.993703365325927734e-01
-4.975472390651702881e-01 -9.991194605827331543e-01
-3.863853812217712402e-01 -9.986989498138427734e-01
-5.108374357223510742e-01 9.989857673645019531e-01
4.116004407405853271e-01 9.990057945251464844e-01
-9.954957365989685059e-01 5.428971052169799805e-01
5.677632093429565430e-01 9.978792667388916016e-01
8.670719265937805176e-01 9.852061271667480469e-01
-9.379225373268127441e-01 9.546216130256652832e-01
4.156515300273895264e-01 9.989494681358337402e-01
9.884787797927856445e-01 -9.966808557510375977e-01
-9.797674417495727539e-01 8.932723999023437500e-01
-9.874798655509948730e-01 1.725089699029922485e-01
-7.744143158197402954e-02 4.173572659492492676e-01
9.951033592224121094e-01 3.276614248752593994e-01
-9.929115772247314453e-01 8.480294942855834961e-01
-9.966811537742614746e-01 8.280897736549377441e-01
6.408057212829589844e-01 -9.919257164001464844e-01
-8.702921122312545776e-02 -9.255155324935913086e-01
4.574692845344543457e-01 9.984503388404846191e-01
9.999995827674865723e-01 6.440855860710144043e-01
-9.991567134857177734e-01 7.975526452064514160e-01
4.215837419033050537e-01 -9.998337030410766602e-01
-6.933183073997497559e-01 9.999646544456481934e-01
-9.674926996231079102e-01 -2.153127193450927734e-01
5.589050054550170898e-02 -3.484753668308258057e-01
-9.838842153549194336e-01 -1.031002625823020935e-01
6.651451587677001953e-01 9.989163875579833984e-01
-9.920076727867126465e-01 4.794202446937561035e-01
-3.868371993303298950e-02 1.903466135263442993e-01
-6.201955080032348633e-01 9.991171956062316895e-01
-9.846486449241638184e-01 2.913380861282348633e-01
5.746523737907409668e-01 9.978938698768615723e-01
-9.987878203392028809e-01 -6.353067159652709961e-01
-4.724441841244697571e-02 3.736498653888702393e-01
-8.028703927993774414e-02 -1.124628037214279175e-01
-1.947017461061477661e-01 -9.812970757484436035e-01
5.131598114967346191e-01 -9.907005429267883301e-01
9.931566715240478516e-01 7.959982752799987793e-01
-9.917299747467041016e-01 2.226741611957550049e-02
-3.389903306961059570e-01 9.989351034164428711e-01
9.836304187774658203e-01 -3.438929915428161621e-01
9.987799525260925293e-01 5.170674324035644531e-01
9.736300706863403320e-01 8.842779994010925293e-01
4.160792231559753418e-01 9.989476203918457031e-01
-9.999903440475463867e-01 7.492702007293701172e-01
-9.593522548675537109e-01 9.327306747436523438e-01
-9.984889030456542969e-01 6.289535164833068848e-01
-2.090777605772018433e-01 2.578347027301788330e-01
-9.890148043632507324e-01 8.641459345817565918e-01
-9.999299049377441406e-01 -7.577019333839416504e-01
