-6.286119818687438965e-01 -9.925773739814758301e-01
-6.022745370864868164e-01 -9.881336688995361328e-01
-5.358315706253051758e-01 -9.705018997192382812e-01
-3.945211470127105713e-01 -9.007701277732849121e-01
-2.924584150314331055e-01 -8.344678282737731934e-01
-1.957108229398727417e-01 -7.656559944152832031e-01
-4.910993576049804688e-02 -7.059923410415649414e-01
6.799720972776412964e-02 -6.537931561470031738e-01
2.041976451873779297e-01 -6.023776531219482422e-01
3.697705864906311035e-01 -5.817814469337463379e-01
5.872510671615600586e-01 -5.061752200126647949e-01
7.248247265815734863e-01 -3.622381985187530518e-01
9.028638005256652832e-01 -1.946456730365753174e-01
9.999086260795593262e-01 3.845132514834403992e-02
9.977786540985107422e-01 3.885624706745147705e-01
9.990304708480834961e-01 6.329306960105895996e-01
9.996715784072875977e-01 9.746515154838562012e-01
9.178993701934814453e-01 9.999248385429382324e-01
6.462244987487792969e-01 9.997085332870483398e-01
3.805204927921295166e-01 9.997927546501159668e-01
1.063101440668106079e-01 9.246758818626403809e-01
1.105113402009010315e-01 6.491369009017944336e-01
2.492157965898513794e-01 4.732031226158142090e-01
3.557936847209930420e-01 3.995609581470489502e-01
3.076916933059692383e-01 1.467585563659667969e-01
1.240359172224998474e-01 1.838618516921997070e-02
5.939225200563669205e-03 -1.622382253408432007e-01
-1.964025795459747314e-01 -2.496487945318222046e-01
-3.065950274467468262e-01 -1.236753463745117188e-01
-2.718571126461029053e-01 1.471010595560073853e-01
-2.404488623142242432e-01 2.240367978811264038e-01
-2.868293523788452148e-01 4.827272593975067139e-01
-3.384285867214202881e-01 6.738482117652893066e-01
-5.350022315979003906e-01 5.485189557075500488e-01
-5.974557399749755859e-01 3.500035405158996582e-01
-6.474258303642272949e-01 8.081234246492385864e-02
-7.174943685531616211e-01 -9.863980859518051147e-02
-7.891561985015869141e-01 8.088069409132003784e-02
-8.010339140892028809e-01 1.073733568191528320e-01
-8.886302113533020020e-01 -4.587604105472564697e-02
-9.610161185264587402e-01 -1.565501838922500610e-01
-9.842489361763000488e-01 -1.684983819723129272e-01
-9.981719255447387695e-01 6.701660156250000000e-02
-9.976601600646972656e-01 3.973253965377807617e-01
-9.922822117805480957e-01 7.002752423286437988e-01
-9.999306797981262207e-01 8.758271932601928711e-01
-9.998314976692199707e-01 9.340803027153015137e-01
-9.998579621315002441e-01 9.423240423202514648e-01
-9.997538924217224121e-01 9.442360401153564453e-01
-9.998629689216613770e-01 9.381299018859863281e-01
-9.998400211334228516e-01 9.181685447692871094e-01
-9.924948811531066895e-01 7.509267926216125488e-01
-9.874157905578613281e-01 6.515499949455261230e-01
-9.994718432426452637e-01 2.966174781322479248e-01
-9.999934434890747070e-01 -9.881633520126342773e-02
-9.692524671554565430e-01 -1.776814311742782593e-01
-9.019340276718139648e-01 -1.580193936824798584e-01
-8.430910110473632812e-01 6.873327493667602539e-02
-7.945035099983215332e-01 9.178494662046432495e-02
-7.877524495124816895e-01 1.317573618143796921e-02
-6.770461797714233398e-01 -1.710273921489715576e-01
-6.201932430267333984e-01 2.298335582017898560e-01
-5.427273511886596680e-01 4.519677758216857910e-01
-5.142493844032287598e-01 6.314597725868225098e-01
-3.353020846843719482e-01 6.151784658432006836e-01
-2.306852042675018311e-01 2.859943211078643799e-01
-2.715518474578857422e-01 2.173486053943634033e-01
-2.926777005195617676e-01 4.876374825835227966e-02
-3.137508630752563477e-01 -2.726385593414306641e-01
-9.596532583236694336e-02 -2.714346051216125488e-01
1.136475056409835815e-01 -1.290661096572875977e-01
2.000831663608551025e-01 9.172929078340530396e-02
3.259319663047790527e-01 3.275067806243896484e-01
2.976446747779846191e-01 4.334671497344970703e-01
1.553149372339248657e-01 5.566692948341369629e-01
6.134887784719467163e-02 8.170402050018310547e-01
2.593089938163757324e-01 9.836332798004150391e-01
4.774520397186279297e-01 9.996300935745239258e-01
7.714117765426635742e-01 9.992153644561767578e-01
9.801919460296630859e-01 9.984549283981323242e-01
9.976264834403991699e-01 8.496890664100646973e-01
9.991338253021240234e-01 5.025939941406250000e-01
9.977410435676574707e-01 1.975191086530685425e-01
9.796450734138488770e-01 -8.152332901954650879e-02
7.958660125732421875e-01 -2.916037738323211670e-01
6.631247401237487793e-01 -4.350367188453674316e-01
5.086761116981506348e-01 -5.554264783859252930e-01
2.756048738956451416e-01 -5.880485177040100098e-01
1.280277073383331299e-01 -6.286174058914184570e-01
2.038105204701423645e-02 -6.744820475578308105e-01
-1.139971390366554260e-01 -7.334309220314025879e-01
-2.308982908725738525e-01 -7.874357700347900391e-01
-3.399302363395690918e-01 -8.679010272026062012e-01
-4.773633480072021484e-01 -9.482551813125610352e-01
-5.725058913230895996e-01 -9.813693761825561523e-01
-6.222960352897644043e-01 -9.916285276412963867e-01
-6.232017874717712402e-01 -9.917719364166259766e-01
-5.759803056716918945e-01 -9.822611808776855469e-01
-4.832138419151306152e-01 -9.506909251213073730e-01
-3.456812500953674316e-01 -8.715593218803405762e-01
