2.155022136867046356e-02
2.033774927258491516e-02
2.022018097341060638e-02
1.964009739458560944e-02
1.924214139580726624e-02
1.909619197249412537e-02
1.888022758066654205e-02
1.877043582499027252e-02
1.860327273607254028e-02
1.850983873009681702e-02
1.843626052141189575e-02
1.797653175890445709e-02
1.753950677812099457e-02
1.724237203598022461e-02
1.676589995622634888e-02
1.616229303181171417e-02
1.559184025973081589e-02
1.533359009772539139e-02
1.509909052401781082e-02
1.458967104554176331e-02
1.419945806264877319e-02
1.374459080398082733e-02
1.399158686399459839e-02
1.373978704214096069e-02
1.338757853955030441e-02
1.262710429728031158e-02
1.216265838593244553e-02
1.155508309602737427e-02
1.126887649297714233e-02
1.088184304535388947e-02
1.178005337715148926e-02
1.262013986706733704e-02
1.056878548115491867e-02
1.019426342099905014e-02
9.778672829270362854e-03
9.315019473433494568e-03
9.045826271176338196e-03
8.459428325295448303e-03
8.125017397105693817e-03
7.750810589641332626e-03
7.200771477073431015e-03
6.941956933587789536e-03
6.506469566375017166e-03
6.174512207508087158e-03
5.943146534264087677e-03
5.593716166913509369e-03
5.288589745759963989e-03
5.066687241196632385e-03
4.819773137569427490e-03
4.585115239024162292e-03
4.439027514308691025e-03
4.223170690238475800e-03
4.074944648891687393e-03
3.932928666472434998e-03
3.820542711764574051e-03
3.914102446287870407e-03
4.175950773060321808e-03
3.569283057004213333e-03
3.399733919650316238e-03
3.314429661259055138e-03
3.228644607588648796e-03
2.969539957121014595e-03
2.969212131574749947e-03
2.770640887320041656e-03
2.669316018000245094e-03
2.615460660308599472e-03
2.450132742524147034e-03
2.372518181800842285e-03
2.313509583473205566e-03
2.196234185248613358e-03
2.116922056302428246e-03
2.057607052847743034e-03
1.981957349926233292e-03
1.908129313960671425e-03
1.850044238381087780e-03
1.797832432202994823e-03
1.727800699882209301e-03
1.685253460891544819e-03
1.629570033401250839e-03
1.582842320203781128e-03
1.528104883618652821e-03
1.490823691710829735e-03
1.448431052267551422e-03
1.403073780238628387e-03
1.364343450404703617e-03
1.327860052697360516e-03
1.292247907258570194e-03
1.252900576218962669e-03
1.222686492837965488e-03
1.187725341878831387e-03
1.156185520812869072e-03
1.127200550399720669e-03
1.097096246667206287e-03
1.068185199983417988e-03
1.040584407746791840e-03
1.014536828733980656e-03
9.883710881695151329e-04
9.632434230297803879e-04
9.395995293743908405e-04
9.150072582997381687e-04
8.928021416068077087e-04
8.703742059879004955e-04
8.486323058605194092e-04
8.283364004455506802e-04
8.079179096966981888e-04
7.886813255026936531e-04
7.696204120293259621e-04
7.514099706895649433e-04
7.341027958318591118e-04
7.170965545810759068e-04
7.003985811024904251e-04
6.848265184089541435e-04
6.697769276797771454e-04
6.550602847710251808e-04
6.412154179997742176e-04
6.283724214881658554e-04
6.158794276416301727e-04
6.043150206096470356e-04
5.931529449298977852e-04
5.824705003760755062e-04
5.714088911190629005e-04
5.597323761321604252e-04
5.467165610752999783e-04
5.338946939446032047e-04
5.221205065026879311e-04
5.123707815073430538e-04
5.043292767368257046e-04
4.968338180333375931e-04
4.892259021289646626e-04
4.807983059436082840e-04
4.716750700026750565e-04
4.623838176485151052e-04
4.536652413662523031e-04
4.459841875359416008e-04
4.392623959574848413e-04
4.331592645030468702e-04
4.277029074728488922e-04
4.224485601298511028e-04
4.169410676695406437e-04
4.113193426746875048e-04
4.049766866955906153e-04
3.981692425440996885e-04
3.912559186574071646e-04
3.843708836939185858e-04
3.780656552407890558e-04
3.729464078787714243e-04
3.686114505399018526e-04
3.646011173259466887e-04
3.608525439631193876e-04
3.577948373276740313e-04
3.552002017386257648e-04
3.518886805977672338e-04
3.479123115539550781e-04
3.427791525609791279e-04
3.366825403645634651e-04
3.303186094854027033e-04
3.246848646085709333e-04
3.208816342521458864e-04
3.186282119713723660e-04
3.164860245306044817e-04
3.131835837848484516e-04
3.086474607698619366e-04
3.039915172848850489e-04
3.000452416017651558e-04
2.966764441225677729e-04
2.937085810117423534e-04
2.909328031819313765e-04
2.883686393033713102e-04
2.859713567886501551e-04
2.834115875884890556e-04
2.804955875035375357e-04
2.771767321974039078e-04
2.737130853347480297e-04
2.704387588892132044e-04
2.679377212189137936e-04
2.658093289937824011e-04
2.634541888255625963e-04
2.607100759632885456e-04
2.578847052063792944e-04
2.554657403379678726e-04
2.538307162467390299e-04
2.528061158955097198e-04
2.520844282116740942e-04
2.509552286937832832e-04
2.497267560102045536e-04
2.478680980857461691e-04
2.461667172610759735e-04
2.444447018206119537e-04
2.414626214886084199e-04
2.379971265327185392e-04
2.336587931495159864e-04
2.309163974132388830e-04
2.301491040270775557e-04
2.299650222994387150e-04
2.284972288180142641e-04
2.253333514090627432e-04
2.217009459855034947e-04
2.190948871430009604e-04
2.179974544560536742e-04
2.175579284084960818e-04
2.166056365240365267e-04
2.139807475032284856e-04
2.109248162014409900e-04
2.100921265082433820e-04
2.096928947139531374e-04
2.077293174806982279e-04
2.053445787169039249e-04
2.042178239207714796e-04
2.035773504758253694e-04
2.019670355366542935e-04
1.998417137656360865e-04
1.985051057999953628e-04
1.977934443857520819e-04
1.967710995813831687e-04
1.951540616573765874e-04
1.935568870976567268e-04
1.924792886711657047e-04
1.917141198646277189e-04
1.908128469949588180e-04
1.895310997497290373e-04
1.879281335277482867e-04
1.864873192971572280e-04
1.854856382124125957e-04
1.849133986979722977e-04
1.842879428295418620e-04
1.832723210100084543e-04
1.823385537136346102e-04
1.818707387428730726e-04
1.817073352867737412e-04
1.812974805943667889e-04
1.801603211788460612e-04
1.783054613042622805e-04
1.765514025464653969e-04
1.759385195327922702e-04
1.762164465617388487e-04
1.761003368301317096e-04
1.749783696141093969e-04
1.732738164719194174e-04
1.712326920824125409e-04
1.693315716693177819e-04
1.676999090705066919e-04
1.667020696913823485e-04
1.662109134485945106e-04
1.661298592807725072e-04
1.663767034187912941e-04
1.667878823354840279e-04
1.674954837653785944e-04
1.679538399912416935e-04
1.685627648839727044e-04
1.697519182926043868e-04
1.690085045993328094e-04
1.672207145020365715e-04
1.621554838493466377e-04
1.577758521307259798e-04
1.565856364322826266e-04
1.576169743202626705e-04
1.580527023179456592e-04
1.557226205477491021e-04
1.531120360596105456e-04
1.522472884971648455e-04
1.528285793028771877e-04
1.528759312350302935e-04
1.509268331574276090e-04
1.484282984165474772e-04
1.470663846703246236e-04
1.471951691200956702e-04
1.475127210142090917e-04
1.468325644964352250e-04
1.454544690204784274e-04
1.440473715774714947e-04
1.433008437743410468e-04
1.430615375284105539e-04
1.426982053089886904e-04
1.420741900801658630e-04
1.410279510309919715e-04
1.400523033225908875e-04
1.392701815348118544e-04
1.390958932461217046e-04
1.392842677887529135e-04
1.395846629748120904e-04
1.397534942952916026e-04
1.392778358422219753e-04
1.383739436278119683e-04
1.368687517242506146e-04
1.351435348624363542e-04
1.337537687504664063e-04
1.333642139798030257e-04
1.342252653557807207e-04
1.358168956357985735e-04
1.375945721520110965e-04
1.390529650961980224e-04
1.395754516124725342e-04
1.376785367028787732e-04
1.344331685686483979e-04
1.304709730902686715e-04
1.289990759687498212e-04
1.305457844864577055e-04
1.326736819464713335e-04
1.318712456850335002e-04
1.286616607103496790e-04
1.254699745913967490e-04
1.248542685061693192e-04
1.256904652109369636e-04
1.258613192476332188e-04
1.241812278749421239e-04
1.221317361341789365e-04
1.212127972394227982e-04
1.215467054862529039e-04
1.218454126501455903e-04
1.211548224091529846e-04
1.200359256472438574e-04
1.191481060232035816e-04
1.190276525449007750e-04
1.193382922792807221e-04
1.193590578623116016e-04
1.188034075312316418e-04
1.185658766189590096e-04
1.191331466543488204e-04
1.209949914482422173e-04
1.236115640494972467e-04
1.266712934011593461e-04
1.280300784856081009e-04
1.273895904887467623e-04
1.225225860252976418e-04
1.168369562947191298e-04
1.149520685430616140e-04
1.170856048702262342e-04
1.170291725429706275e-04
1.135497004725039005e-04
1.107350981328636408e-04
1.121548411902040243e-04
1.139689484261907637e-04
1.121856330428272486e-04
1.094066101359203458e-04
1.091905432986095548e-04
1.105663977796211839e-04
1.102425740100443363e-04
1.093287428375333548e-04
1.087667114916257560e-04
1.086992415366694331e-04
1.082939925254322588e-04
1.080456349882297218e-04
1.081596128642559052e-04
1.079873036360368133e-04
1.072066006599925458e-04
1.068775527528487146e-04
1.064351308741606772e-04
1.055725224432535470e-04
1.040678180288523436e-04
1.029919076245278120e-04
1.025416131597012281e-04
1.022453798213973641e-04
1.017944377963431180e-04
1.012810025713406503e-04
1.011217900668270886e-04
1.010048581520095468e-04
1.008947583613917232e-04
1.008694380288943648e-04
1.012296197586692870e-04
1.018277180264703929e-04
1.022259166347794235e-04
1.021789430524222553e-04
1.019217525026760995e-04
1.013160508591681719e-04
1.005022204481065273e-04
9.923661855282261968e-05
9.821448475122451782e-05
9.803079592529684305e-05
9.812216012505814433e-05
9.844694432104006410e-05
9.778205276234075427e-05
9.687704005045816302e-05
9.523359767626971006e-05
9.414323722012341022e-05
9.390389459440484643e-05
9.421938739251345396e-05
9.443202725378796458e-05
9.402785508427768946e-05
9.334150672657415271e-05
9.233300806954503059e-05
9.160771878669038415e-05
9.132951527135446668e-05
9.135178697761148214e-05
9.147219680016860366e-05
9.148247045231983066e-05
9.140070324065163732e-05
9.111061808653175831e-05
9.062641765922307968e-05
9.001115540741011500e-05
8.963853179011493921e-05
8.970964699983596802e-05
9.049125219462439418e-05
9.193032747134566307e-05
9.407479228684678674e-05
9.672250598669052124e-05
9.957858128473162651e-05
1.007849859888665378e-04
9.879469871520996094e-05
9.332986519439145923e-05
8.961645653471350670e-05
9.186966053675860167e-05
9.337149822385981679e-05
8.820348739391192794e-05
8.516429079463705420e-05
8.839608926791697741e-05
8.921518019633367658e-05
8.607201016275212169e-05
8.537047688150778413e-05
8.564978634240105748e-05
8.477575465803965926e-05
8.496941154589876533e-05
8.494402572978287935e-05
8.305889787152409554e-05
8.257816807599738240e-05
8.363449160242453218e-05
8.313376019941642880e-05
8.181701559806242585e-05
8.167052874341607094e-05
8.185829210560768843e-05
8.132289076456800103e-05
8.094935037661343813e-05
8.091714698821306229e-05
8.056111983023583889e-05
7.990258018253371119e-05
7.991946768015623093e-05
8.006861753528937697e-05
7.950992585392668843e-05
7.892605935921892524e-05
7.884990191087126732e-05
7.879255281295627356e-05
7.844166975701227784e-05
7.813981210347265005e-05
7.810077659087255597e-05
7.807919610058888793e-05
7.777210703352466226e-05
7.749175711069256067e-05
7.745065522613003850e-05
7.730189099675044417e-05
7.702068251091986895e-05
7.664227450732141733e-05
7.640495459781959653e-05
7.637644739588722587e-05
7.632884808117523789e-05
7.640702096978202462e-05
7.681424904149025679e-05
7.758784340694546700e-05
7.897227624198421836e-05
7.974643085617572069e-05
8.059780520852655172e-05
7.960526272654533386e-05
7.799385639373213053e-05
7.583325350424274802e-05
7.463703514076769352e-05
7.508847920689731836e-05
7.624454156029969454e-05
7.698089757468551397e-05
7.641201955266296864e-05
7.534101314377039671e-05
7.443116919603198767e-05
7.416216249112039804e-05
7.406461372738704085e-05
7.362095493590459228e-05
7.307564374059438705e-05
7.242333958856761456e-05
7.217137317638844252e-05
7.209383329609408975e-05
7.198338425951078534e-05
7.180222746683284640e-05
7.150667079258710146e-05
7.123985415091738105e-05
7.095623732311651111e-05
7.079011993482708931e-05
7.076004112605005503e-05
7.067702972562983632e-05
7.049353007460013032e-05
7.013206777628511190e-05
6.974623101996257901e-05
6.951356044737622142e-05
6.951059913262724876e-05
6.979337922530248761e-05
7.008542888797819614e-05
7.053269655443727970e-05
7.057639595586806536e-05
7.067027763696387410e-05
7.042178185656666756e-05
7.029128755675628781e-05
7.007534441072493792e-05
6.994999421294778585e-05
6.976976146688684821e-05
6.945109635125845671e-05
6.890526856295764446e-05
6.822773866588249803e-05
6.782101991120725870e-05
6.761024997103959322e-05
6.754400237696245313e-05
6.744694837834686041e-05
6.740883691236376762e-05
6.728050357196480036e-05
6.709202716592699289e-05
6.665488763246685266e-05
6.611082062590867281e-05
6.553275306941941381e-05
6.531572580570355058e-05
6.553309503942728043e-05
6.625164678553119302e-05
6.730927270837128162e-05
6.897820276208221912e-05
7.146292045945301652e-05
7.522258965764194727e-05
8.025560964597389102e-05
8.376938058063387871e-05
8.360896754311397672e-05
7.738819840596988797e-05
6.987762753851711750e-05
6.890682561788707972e-05
7.211025513242930174e-05
7.223179272841662169e-05
6.666639092145487666e-05
6.382956053130328655e-05
6.708725413773208857e-05
6.866313196951523423e-05
6.570172990905120969e-05
6.341940024867653847e-05
6.465667684096843004e-05
6.505846249638125300e-05
6.340936670312657952e-05
6.299826782196760178e-05
6.378120451699942350e-05
6.323258276097476482e-05
6.203098018886521459e-05
6.202246004249900579e-05
6.243008829187601805e-05
6.202909571584314108e-05
6.149650289444252849e-05
6.146425585029646754e-05
6.135443982202559710e-05
6.084876076783984900e-05
6.061687963665463030e-05
6.079090235289186239e-05
6.095708886277861893e-05
6.120342004578560591e-05
6.185795791679993272e-05
6.295243656495586038e-05
6.446448242058977485e-05
6.660258077317848802e-05
6.916577694937586784e-05
7.070286665111780167e-05
7.031024142634123564e-05
6.698557990603148937e-05
6.295555795077234507e-05
6.062543980078771710e-05
6.164604565128684044e-05
6.337481318041682243e-05
6.273650797083973885e-05
6.028618736308999360e-05
5.899463940295390785e-05
5.993769082124345005e-05
6.065830893930979073e-05
5.956868335488252342e-05
5.791196235804818571e-05
5.786347173852846026e-05
5.879381205886602402e-05
5.873042755411006510e-05
5.755744496127590537e-05
5.688934470526874065e-05
5.742834764532744884e-05
5.786765541415661573e-05
5.739364496548660100e-05
5.657499423250555992e-05
5.648947262670844793e-05
5.707581658498384058e-05
5.757214967161417007e-05
5.769299241364933550e-05
5.792094088974408805e-05
5.881299875909462571e-05
6.060463056201115251e-05
6.229249993339180946e-05
6.339642277453094721e-05
6.299975211732089520e-05
6.103119085310027003e-05
5.846493513672612607e-05
5.640999370370991528e-05
5.598187271971255541e-05
5.697703454643487930e-05
5.759252599091269076e-05
5.709419565391726792e-05
5.595624315901659429e-05
5.558177144848741591e-05
5.601519660558551550e-05
5.640832023345865309e-05
5.588734711636789143e-05
5.499094550032168627e-05
5.466644506668671966e-05
5.502997737494297326e-05
5.538070035981945693e-05
5.502418207470327616e-05
5.428014628705568612e-05
5.376695116865448654e-05
5.371338193072006106e-05
5.384244286688044667e-05
5.364064418245106936e-05
5.298491669236682355e-05
5.256754229776561260e-05
5.271639020065777004e-05
5.267354936222545803e-05
5.232624607742764056e-05
5.217313810135237873e-05
5.224456253927201033e-05
5.210611561778932810e-05
5.181747474125586450e-05
5.164930553291924298e-05
5.162413435755297542e-05
5.156276165507733822e-05
5.146223338670097291e-05
5.133689410286024213e-05
5.120281639392487705e-05
5.104413503431715071e-05
5.094986772746779025e-05
5.092832361697219312e-05
5.082868301542475820e-05
5.065504228696227074e-05
5.048686216468922794e-05
5.043169949203729630e-05
5.040867108618840575e-05
5.036687798565253615e-05
5.024146958021447062e-05
5.009905362385325134e-05
4.993899710825644433e-05
4.984137194696813822e-05
4.979131699656136334e-05
4.978967626811936498e-05
4.981343226972967386e-05
4.984561019227840006e-05
4.984479164704680443e-05
4.979347068001516163e-05
4.973532850272022188e-05
4.967365748598240316e-05
4.962312959833070636e-05
4.960223304806277156e-05
4.960924707120284438e-05
4.956168049830012023e-05
4.941420775139704347e-05
4.917712794849649072e-05
4.894719313597306609e-05
4.874362639384344220e-05
4.858148167841136456e-05
4.843448550673201680e-05
4.835196887142956257e-05
4.831775004277005792e-05
4.831932528759352863e-05
4.832913327845744789e-05
4.828609962714836001e-05
4.817872104467824101e-05
4.806400465895421803e-05
4.799947419087402523e-05
4.808895755559206009e-05
4.837135929847136140e-05
4.894059020443819463e-05
4.965227344655431807e-05
5.073313877801410854e-05
5.146108014741912484e-05
5.215787678025662899e-05
5.153497113496996462e-05
5.014889029553160071e-05
4.825317228096537292e-05
4.729679130832664669e-05
4.754424662678502500e-05
4.832044214708730578e-05
4.875639933743514121e-05
4.821735637960955501e-05
4.737102790386416018e-05
4.686125248554162681e-05
4.700111458078026772e-05
4.746600461658090353e-05
4.756156704388558865e-05
4.720754441223107278e-05
4.647805326385423541e-05
4.601001637638546526e-05
4.602740227710455656e-05
4.627721500582993031e-05
4.641955092665739357e-05
4.623267886927351356e-05
4.587187140714377165e-05
4.558991713565774262e-05
4.554976840154267848e-05
4.570239616441540420e-05
4.585447459248825908e-05
4.591817923937924206e-05
4.586166687658987939e-05
4.579501910484395921e-05
4.576736682793125510e-05
4.588257070281542838e-05
4.616692604031413794e-05
4.641154373530298471e-05
4.655435259337536991e-05
4.649597394745796919e-05
4.620067556970752776e-05
4.601243199431337416e-05
4.602692570188082755e-05
4.663188155973330140e-05
4.733718014904297888e-05
4.817817534785717726e-05
4.887041359324939549e-05
4.977709977538324893e-05
5.114195664646103978e-05
5.254439383861608803e-05
5.393757237470708787e-05
5.315696762409061193e-05
5.130208592163398862e-05
4.831097612623125315e-05
4.718280615634284914e-05
4.823392737307585776e-05
4.894703670288436115e-05
4.758243812830187380e-05
4.571645331452600658e-05
4.567498035612516105e-05
4.595625796355307102e-05
4.559732406050898135e-05
4.493907908909022808e-05
4.438748510438017547e-05
4.383596751722507179e-05
4.385364445624873042e-05
4.420161349116824567e-05
4.397816519485786557e-05
4.343887121649459004e-05
4.330293450038880110e-05
4.336611891631036997e-05
4.299358624848537147e-05
4.265590905561111867e-05
4.282267400412820280e-05
4.300793079892173409e-05
4.275280298315919936e-05
4.249097037245519459e-05
4.263334267307072878e-05
4.291388177080079913e-05
4.323596658650785685e-05
4.388295565149746835e-05
4.487343539949506521e-05
4.642347266781143844e-05
4.754794645123183727e-05
4.892875585937872529e-05
4.846874435315839946e-05
4.729072315967641771e-05
4.534307663561776280e-05
4.450546111911535263e-05
4.529098077910020947e-05
4.601001637638546526e-05
4.612244083546102047e-05
4.473641092772595584e-05
4.310491203796118498e-05
4.241740680299699306e-05
4.311797965783625841e-05
4.402252307045273483e-05
4.348012225818820298e-05
4.207963866065256298e-05
4.102115781279280782e-05
4.117636854061856866e-05
4.187650847597979009e-05
4.186433579889126122e-05
4.118705328437499702e-05
4.063597225467674434e-05
4.070706563652493060e-05
4.095093754585832357e-05
4.085524415131658316e-05
4.053881639265455306e-05
4.026046008220873773e-05
4.024528243462555110e-05
4.046030153403989971e-05
4.071844887221232057e-05
4.089182402822189033e-05
4.097045166417956352e-05
4.116673517273738980e-05
4.155497299507260323e-05
4.196843292447738349e-05
4.221693598083220422e-05
4.192315100226551294e-05
4.121107122045941651e-05
4.048648406751453876e-05
4.005744267487898469e-05
4.005424489150755107e-05
4.023823930765502155e-05
4.056892066728323698e-05
4.108920984435826540e-05
4.195235669612884521e-05
4.318695209803991020e-05
4.478188202483579516e-05
4.663953222916461527e-05
4.805732896784320474e-05
4.932878800900653005e-05
4.985180930816568434e-05
5.003414480597712100e-05
4.989905573893338442e-05
4.858531610807403922e-05
4.676694516092538834e-05
4.573203113977797329e-05
4.662079663830809295e-05
4.716425246442668140e-05
4.523156894720159471e-05
4.230399281368590891e-05
4.198741225991398096e-05
4.285050454200245440e-05
4.044471643283031881e-05
3.866158294840715826e-05
4.082438317709602416e-05
4.035924939671531320e-05
3.844984166789799929e-05
3.927935540559701622e-05
3.933300831704400480e-05
3.818550612777471542e-05
3.865176768158562481e-05
3.863162419293075800e-05
3.767460293602198362e-05
3.790889604715630412e-05
3.814082447206601501e-05
3.751810800167731941e-05
3.743105480680242181e-05
3.752011980395764112e-05
3.718748484971001744e-05
3.724684938788414001e-05
3.729443778865970671e-05
3.683029353851452470e-05
3.676020787679590285e-05
3.700124216265976429e-05
3.678489156300202012e-05
3.651018050732091069e-05
3.658280911622568965e-05
3.655045657069422305e-05
3.631838990258984268e-05
3.626178295235149562e-05
3.634419408626854420e-05
3.624347664299421012e-05
3.608963015722110868e-05
3.606632162700407207e-05
3.606131213018670678e-05
3.599098272388800979e-05
3.589419065974652767e-05
3.585157173802144825e-05
3.583803845685906708e-05
3.584760270314291120e-05
3.584362639230675995e-05
3.583309080568142235e-05
3.580623160814866424e-05
3.584461228456348181e-05
3.586451202863827348e-05
3.589695552363991737e-05
3.589452171581797302e-05
3.591497807065024972e-05
3.582323915907181799e-05
3.566232044249773026e-05
3.541982005117461085e-05
3.524431667756289244e-05
3.511876275297254324e-05
3.502923573250882328e-05
3.499124431982636452e-05
3.499954618746414781e-05
3.507284418446943164e-05
3.519463280099444091e-05
3.533393464749678969e-05
3.542187914717942476e-05
3.552049747668206692e-05
3.551629197318106890e-05
3.555665171006694436e-05
3.548609674908220768e-05
3.548286622390151024e-05
3.537092197802849114e-05
3.529741297825239599e-05
3.512870898703113198e-05
3.501304308883845806e-05
3.483674299786798656e-05
3.470231240498833358e-05
3.461446613073348999e-05
3.456224294495768845e-05
3.453368844930082560e-05
3.453713725320994854e-05
3.459162326180376112e-05
3.459298750385642052e-05
3.465375266387127340e-05
3.464045948931016028e-05
3.468676732154563069e-05
3.459822619333863258e-05
3.449024370638653636e-05
3.428196941968053579e-05
3.410317003726959229e-05
3.397697582840919495e-05
3.393286533537320793e-05
3.398834451218135655e-05
3.407543772482313216e-05
3.424355963943526149e-05
3.437494524405337870e-05
3.456876220297999680e-05
3.458734499872662127e-05
3.455578917055390775e-05
3.426493276492692530e-05
3.396854663151316345e-05
3.365171505720354617e-05
3.346839002915658057e-05
3.340463808854110539e-05
3.347536767250858247e-05
3.367678800714202225e-05
3.396936881472356617e-05
3.436478800722397864e-05
3.467071655904874206e-05
3.492470932542346418e-05
3.479976294329389930e-05
3.447044946369715035e-05
3.397115506231784821e-05
3.361971539561636746e-05
3.365876909811049700e-05
3.405850657145492733e-05
3.481445673969574273e-05
3.552589623723179102e-05
3.607165854191407561e-05
3.547692176653072238e-05
3.441197986830957234e-05
3.314532295917160809e-05
3.258941433159634471e-05
3.286151695647276938e-05
3.340453622513450682e-05
3.371800630702637136e-05
3.336107329232618213e-05
3.284699050709605217e-05
3.252911119488999248e-05
3.266962812631390989e-05
3.309658495709300041e-05
3.358209505677223206e-05
3.405575625947676599e-05
3.454796024016104639e-05
3.519442543620243669e-05
3.625528552220202982e-05
3.729738091351464391e-05
3.896632188116200268e-05
3.933006155421026051e-05
3.925698547391220927e-05
3.680680310935713351e-05
3.419409040361642838e-05
3.308330269646830857e-05
3.361553535796701908e-05
3.461700907791964710e-05
3.459579238551668823e-05
3.375089727342128754e-05
3.287626168457791209e-05
3.260854282416403294e-05
3.272666072007268667e-05
3.287682193331420422e-05
3.284771810285747051e-05
3.243660830776207149e-05
3.186481626471504569e-05
3.152481076540425420e-05
3.160160486004315317e-05
3.190045026713050902e-05
3.201554500265046954e-05
3.178782208124175668e-05
3.139152977382764220e-05
3.112132981186732650e-05
3.117325468338094652e-05
3.140205444651655853e-05
3.151456621708348393e-05
3.138549072900786996e-05
3.120283872704021633e-05
3.129046672256663442e-05
3.167245813529007137e-05
3.234040559618733823e-05
3.307763836346566677e-05
3.401185676921159029e-05
3.524847124936059117e-05
3.638885027612559497e-05
3.739561725524254143e-05
3.708772419486194849e-05
3.611050851759500802e-05
3.452451346674934030e-05
3.385822492418810725e-05
3.429774005780927837e-05
3.491918323561549187e-05
3.472891330602578819e-05
3.377662869752384722e-05
3.264127735747024417e-05
3.192833901266567409e-05
3.177759572281502187e-05
3.187425681971944869e-05
3.196817124262452126e-05
3.204697350156493485e-05
3.189657581970095634e-05
3.159193147439509630e-05
3.141269917250610888e-05
3.184796514688059688e-05
3.231701339245773852e-05
3.293175541330128908e-05
3.291758184786885977e-05
3.328892489662393928e-05
3.363333235029131174e-05
3.423189991735853255e-05
3.440799628151580691e-05
3.347915117046795785e-05
3.195065073668956757e-05
3.053176988032646477e-05
3.024637589987833053e-05
3.084399213548749685e-05
3.148179530398920178e-05
3.167533213854767382e-05
3.152609860990196466e-05
3.129980905214324594e-05
3.045310950255952775e-05
2.970397872559260577e-05
2.994431451952550560e-05
3.006453698617406189e-05
2.970798777823802084e-05
2.968705121020320803e-05
2.975156348838936538e-05
2.937526915047783405e-05
2.910440707637462765e-05
2.934348049166146666e-05
2.944255538750439882e-05
2.909722388722002506e-05
2.884734203689731658e-05
2.893250166380312294e-05
2.900550316553562880e-05
2.893468627007678151e-05
2.883758679672610015e-05
2.870658499887213111e-05
2.859308369806967676e-05
2.859035339497495443e-05
2.861965185729786754e-05
2.858401239791419357e-05
2.848991061910055578e-05
2.843548827513586730e-05
2.839937951648607850e-05
2.833365397236775607e-05
2.827065691235475242e-05
2.825265073624905199e-05
2.825091723934747279e-05
2.821766611305065453e-05
2.817161839629989117e-05
2.814773688442073762e-05
2.813798164424952120e-05
2.809292345773428679e-05
2.804520227073226124e-05
2.799295180011540651e-05
2.795470209093764424e-05
2.790485814330168068e-05
2.785393553494941443e-05
2.780717113637365401e-05
2.777759618766140193e-05
2.776646397251170129e-05
2.775303073576651514e-05
2.773570486169774085e-05
2.773130472633056343e-05
2.774294989649206400e-05
2.774873064481653273e-05
2.774494168988894671e-05
2.774514723569154739e-05
2.772085827018599957e-05
2.767924706859048456e-05
2.762659823929425329e-05
2.758426853688433766e-05
2.755169953161384910e-05
2.751218016783241183e-05
2.751833744696341455e-05
2.753602166194468737e-05
2.758106893452350050e-05
2.763413795037195086e-05
2.768623744486831129e-05
2.776707697194069624e-05
2.779815076792147011e-05
2.778039015538524836e-05
2.762738768069539219e-05
2.742345168371684849e-05
2.720608790696132928e-05
2.706923260120674968e-05
2.703943755477666855e-05
2.709195177885703743e-05
2.717677671171259135e-05
2.731509994191583246e-05
2.748481347225606441e-05
2.766875877568963915e-05
2.787540324789006263e-05
2.802676499413792044e-05
2.809238867484964430e-05
2.807692726491950452e-05
2.790164944599382579e-05
2.767807745840400457e-05
2.741023854468949139e-05
2.725790000113192946e-05
2.718901123444084078e-05
2.726603270275518298e-05
2.735313682933337986e-05
2.751806823653168976e-05
2.758222035481594503e-05
2.764316195680294186e-05
2.761071846180129796e-05
2.755772220552898943e-05
2.754839260887820274e-05
2.757593938440550119e-05
2.771478648355696350e-05
2.790763937809970230e-05
2.823241447913460433e-05
2.865608257707208395e-05
2.912927629949990660e-05
2.957512333523482084e-05
2.972613947349600494e-05
2.988290725625120103e-05
2.953953480755444616e-05
2.913541538873687387e-05
2.835172199411317706e-05
2.785989636322483420e-05
2.777858207991812378e-05
2.804359974106773734e-05
2.813460196193773299e-05
2.776138717308640480e-05
2.710139779082965106e-05
2.655791286088060588e-05
2.643084917508531362e-05
2.664089151949156076e-05
2.684725768631324172e-05
2.679877434275113046e-05
2.647690234880428761e-05
2.614806544443126768e-05
2.595679688965901732e-05
2.597487400635145605e-05
2.610383853607345372e-05
2.623499858600553125e-05
2.626897912705317140e-05
2.625499109853990376e-05
2.619964106997940689e-05
2.617356949485838413e-05
2.625227352837100625e-05
2.651053364388644695e-05
2.691832742129918188e-05
2.750109160842839628e-05
2.798873720166739076e-05
2.857230538211297244e-05
2.872757249861024320e-05
2.900233266700524837e-05
2.871506330848205835e-05
2.838028922269586474e-05
2.771560320979915559e-05
2.701396260818000883e-05
2.666693399078212678e-05
2.660737482074182481e-05
2.670123649295419455e-05
2.682917875063139945e-05
2.687703999981749803e-05
2.686710831767413765e-05
2.689461325644515455e-05
2.707996463868767023e-05
2.744151061051525176e-05
2.790429243759717792e-05
2.826650415954645723e-05
2.842916546796914190e-05
2.858440711861476302e-05
2.873576886486262083e-05
2.915457662311382592e-05
2.940898775705136359e-05
2.954562478407751769e-05
2.868190131266601384e-05
2.739702904364094138e-05
2.639126796566415578e-05
2.635415876284241676e-05
2.707817839109338820e-05
2.769779166555963457e-05
2.778302587103098631e-05
2.694678187253884971e-05
2.598022365418728441e-05
2.527479773561935872e-05
2.505443262634798884e-05
2.521626083762384951e-05
2.549483360780868679e-05
2.571832192188594490e-05
2.551613215473480523e-05
2.508560464775655419e-05
2.475191649864427745e-05
2.477710222592577338e-05
2.503409996279515326e-05
2.517043321859091520e-05
2.499618676665704697e-05
2.456821312080137432e-05
2.422977740934584290e-05
2.420415148662868887e-05
2.438885530864354223e-05
2.457056143612135202e-05
2.460205359966494143e-05
2.454593231959734112e-05
2.451056207064539194e-05
2.468545972078572959e-05
2.503250834706705064e-05
2.558614505687728524e-05
2.610650699352845550e-05
2.664633393578696996e-05
2.724896876316051930e-05
2.773175037873443216e-05
2.821749149006791413e-05
2.778196721919812262e-05
2.703406426007859409e-05
2.584349749668035656e-05
2.526760363252833486e-05
2.562701592978555709e-05
2.653876435942947865e-05
2.709553155000321567e-05
2.669430250534787774e-05
2.559449967520777136e-05
2.448481791361700743e-05
2.402345126029103994e-05
2.388079883530735970e-05
2.374434916418977082e-05
2.378736462560482323e-05
2.374351970502175391e-05
2.352767114643938839e-05
2.343414416827727109e-05
2.352030605834443122e-05
2.348974885535426438e-05
2.327060246898327023e-05
2.317990401934366673e-05
2.329791641386691481e-05
2.328777372895274311e-05
2.309088813490234315e-05
2.300480809935834259e-05
2.308847433596383780e-05
2.309606861672364175e-05
2.296345883223693818e-05
2.287246206833515316e-05
2.289355325046926737e-05
2.290823977091349661e-05
2.285378468513954431e-05
2.278192005178425461e-05
2.275297447340562940e-05
2.274728467455133796e-05
2.271741868753451854e-05
2.268364005431067199e-05
2.266729643451981246e-05
2.263854366901796311e-05
2.259670691273640841e-05
2.256551852042321116e-05
2.255273648188449442e-05
2.254065657325554639e-05
2.250848774565383792e-05
2.246743679279461503e-05
2.243766903120558709e-05
2.242332448076922446e-05
2.240891444671433419e-05
2.239682726212777197e-05
2.240338471892755479e-05
2.242495793325360864e-05
2.247015618195291609e-05
2.251610931125469506e-05
2.254901846754364669e-05
2.254719947814010084e-05
2.251978730782866478e-05
2.243870767415501177e-05
2.231021244369912893e-05
2.219688394689001143e-05
2.213910192949697375e-05
2.214127198385540396e-05
2.218338886450510472e-05
2.222882176283746958e-05
2.228625089628621936e-05
2.234020757896360010e-05
2.239208333776332438e-05
2.239386230939999223e-05
2.237493208667729050e-05
2.227598088211379945e-05
2.216796565335243940e-05
2.204393240390345454e-05
2.195833621954079717e-05
2.192662941524758935e-05
2.198318543378263712e-05
2.212147410318721086e-05
2.234632302133832127e-05
2.258080712636001408e-05
2.281092019984498620e-05
2.293270517839118838e-05
2.295654667250346392e-05
2.284236143168527633e-05
2.270443656016141176e-05
2.252811464131809771e-05
2.251683326903730631e-05
2.252963349747005850e-05
2.268117714265827090e-05
2.267951276735402644e-05
2.269111246278043836e-05
2.253014281450305134e-05
2.229790334240533412e-05
2.199756272602826357e-05
2.179355942644178867e-05
2.175447843910660595e-05
2.184158256568480283e-05
2.196728382841683924e-05
2.200449489464517683e-05
2.197294088546186686e-05
2.181493982789106667e-05
2.165040677937213331e-05
2.150707405235152692e-05
2.143800702469889075e-05
2.144013888027984649e-05
2.149210922652855515e-05
2.156609843950718641e-05
2.164684156014118344e-05
2.175053487007971853e-05
2.182709613407496363e-05
2.188897269661538303e-05
2.186844176321756095e-05
2.182369826186913997e-05
2.175457484554499388e-05
2.178088107029907405e-05
2.186665915360208601e-05
2.210216189268976450e-05
2.232621045550331473e-05
2.245413270429708064e-05
2.233574195997789502e-05
2.203202893724665046e-05
2.168111677747219801e-05
2.138718446076381952e-05
2.128603227902203798e-05
2.132217559847049415e-05
2.140361721103545278e-05
2.148343628505244851e-05
2.156923619622830302e-05
2.161916563636623323e-05
2.167361526517197490e-05
2.175749250454828143e-05
2.186593337683007121e-05
2.207283614552579820e-05
2.240184403490275145e-05
2.308464536326937377e-05
2.410317938483785838e-05
2.560521716077346355e-05
2.741100433922838420e-05
2.892165139201097190e-05
2.926841807493474334e-05
2.766293437161948532e-05
2.456934271322097629e-05
2.215564563812222332e-05
2.196081004512961954e-05
2.324091292393859476e-05
2.408893669780809432e-05
2.347095505683682859e-05
2.211574974353425205e-05
2.141267032129690051e-05
2.173961729567963630e-05
2.226148535555694252e-05
2.216763277829159051e-05
2.168056380469352007e-05
2.144524114555679262e-05
2.173235407099127769e-05
2.208297337347175926e-05
2.215459426224697381e-05
2.203764961450360715e-05
2.236087675555609167e-05
2.301992935827001929e-05
2.383649734838400036e-05
2.394279363215900958e-05
2.394746297795791179e-05
2.390660483797546476e-05
2.402459358563646674e-05
2.388742359471507370e-05
2.312102333235088736e-05
2.230522477475460619e-05
2.174208748328965157e-05
2.177291753469035029e-05
2.179520379286259413e-05
2.162769669666886330e-05
2.145200960512738675e-05
2.137354931619483978e-05
2.119986675097607076e-05
2.081959246424958110e-05
2.046980080194771290e-05
2.047657289949711412e-05
2.077758108498528600e-05
2.098108234349638224e-05
2.087354914692696184e-05
2.059806320175994188e-05
2.042578853433951735e-05
2.038910861301701516e-05
2.035736542893573642e-05
2.027003029070328921e-05
2.019555904553271830e-05
2.019034218392334878e-05
2.022594890149775892e-05
2.027437039942014962e-05
2.028417111432645470e-05
2.029376264545135200e-05
2.024189234361983836e-05
2.015682366618420929e-05
2.005196802201680839e-05
2.002162545977625996e-05
2.013160701608285308e-05
2.035606848949100822e-05
2.060322003671899438e-05
2.091241367452312261e-05
2.124221100530121475e-05
2.160630538128316402e-05
2.200568269472569227e-05
2.224532727268524468e-05
2.235968349850736558e-05
2.226387914561200887e-05
2.223704541393090039e-05
2.236483305750880390e-05
2.290065094712190330e-05
2.367911292822100222e-05
2.492386556696146727e-05
2.581608714535832405e-05
2.656769720488227904e-05
2.593164208519738168e-05
2.274730286444537342e-05
2.014957863138988614e-05
2.171794585592579097e-05
2.297997889399994165e-05
2.130018401658162475e-05
2.029568349826149642e-05
2.111099092871882021e-05
2.111808134941384196e-05
2.026219226536341012e-05
2.016194957832340151e-05
2.048987153102643788e-05
2.018364284595008940e-05
1.972941754502244294e-05
1.989281736314296722e-05
1.999135565711185336e-05
1.962197347893379629e-05
1.944256109709385782e-05
1.958181201189290732e-05
1.955808147613424808e-05
1.935528780450113118e-05
1.925433207361493260e-05
1.927781522681470960e-05
1.926730146806221455e-05
1.919101669045630842e-05
1.910178252728655934e-05
1.904820055642630905e-05
1.907670412037987262e-05
1.908305603137705475e-05
1.896969661174807698e-05
1.890299608930945396e-05
1.893517037387937307e-05
1.893465196189936250e-05
1.886696372821461409e-05
1.882000833575148135e-05
1.883801269286777824e-05
1.883092045318335295e-05
1.876222268037963659e-05
1.872565007943194360e-05
1.874316876637749374e-05
1.873583823908120394e-05
1.867837272584438324e-05
1.863733632490038872e-05
1.863880606833845377e-05
1.863955912995152175e-05
1.859986514318734407e-05
1.856101334851700813e-05
1.855390291893854737e-05
1.855638402048498392e-05
1.853846697486005723e-05
1.850785520218778402e-05
1.849650652729906142e-05
1.850080298027023673e-05
1.851301203714683652e-05
1.852292734838556498e-05
1.854444053606130183e-05
1.857972893049009144e-05
1.863666329882107675e-05
1.867304126790259033e-05
1.866636011982336640e-05
1.861810414993669838e-05
1.853642424975987524e-05
1.843842801463324577e-05
1.835962939367163926e-05
1.832368434406816959e-05
1.830707878980319947e-05
1.829521897889208049e-05
1.829286702559329569e-05
1.831495683290995657e-05
1.833791975514031947e-05
1.835947477957233787e-05
1.838072785176336765e-05
1.841710945882368833e-05
1.847482417360879481e-05
1.853496360126882792e-05
1.857848110375925899e-05
1.855867594713345170e-05
1.850561420724261552e-05
1.839850301621481776e-05
1.829397479014005512e-05
1.821101614041253924e-05
1.815269570215605199e-05
1.811358015402220190e-05
1.808550769055727869e-05
1.807895387173630297e-05
1.810511275834869593e-05
1.817402699089143425e-05
1.828809035941958427e-05
1.841556695580948144e-05
1.860034899436868727e-05
1.874107147159520537e-05
1.880642412288580090e-05
1.874189911177381873e-05
1.853742469393182546e-05
1.828353015298489481e-05
1.807004991860594600e-05
1.797641743905842304e-05
1.797837467165663838e-05
1.803373197617474943e-05
1.808538218028843403e-05
1.813104427128564566e-05
1.814811366784851998e-05
1.813857306842692196e-05
1.810399589885491878e-05
1.806490035960450768e-05
1.805013926059473306e-05
1.804943349270615727e-05
1.805372630769852549e-05
1.802882979973219335e-05
1.798043194867204875e-05
1.790146234270650893e-05
1.782925210136454552e-05
1.779136982804629952e-05
1.779570084181614220e-05
1.782670915417838842e-05
1.785510357876773924e-05
1.786436587281059474e-05
1.786765278666280210e-05
1.789317684597335756e-05
1.793595401977654546e-05
1.805023566703312099e-05
1.824271930672693998e-05
1.852895547926891595e-05
1.895026798592880368e-05
1.943292772921267897e-05
1.991778299270663410e-05
2.007366310863289982e-05
2.002019573410507292e-05
1.943795723491348326e-05
1.868203798949252814e-05
1.806388900149613619e-05
1.795113348634913564e-05
1.834306203818414360e-05
1.895710374810732901e-05
1.946899647009558976e-05
1.978272121050395072e-05
1.984286609513219446e-05
1.988601616176310927e-05
1.994198646571021527e-05
2.001936627493705601e-05
1.990714554267469794e-05
1.963791692105587572e-05
1.914744643727317452e-05
1.877158865681849420e-05
1.859390249592252076e-05
1.862367389549035579e-05
1.868762592494022101e-05
1.857296047091949731e-05
1.837521995184943080e-05
1.810800677048973739e-05
1.802085898816585541e-05
1.803734448913019150e-05
1.810669891710858792e-05
1.809514105843845755e-05
1.789945599739439785e-05
1.762949978001415730e-05
1.740958941809367388e-05
1.733816134219523519e-05
1.738222999847494066e-05
1.745676672726403922e-05
1.751027775753755122e-05
1.749121838656719774e-05
1.742474523780401796e-05
1.732717100821901113e-05
1.724481080600526184e-05
1.720544605632312596e-05
1.723540481179952621e-05
1.731785414449404925e-05
1.740390871418640018e-05
1.746674024616368115e-05
1.746626003296114504e-05
1.744271503412164748e-05
1.744326618791092187e-05
1.755224730004556477e-05
1.778175646904855967e-05
1.808064371289219707e-05
1.837422678363509476e-05
1.856345625128597021e-05
1.871730637503787875e-05
1.886664358607959002e-05
1.916893052111845464e-05
1.954103208845481277e-05
1.993865589611232281e-05
2.011876858887262642e-05
1.992239594983402640e-05
1.952553066075779498e-05
1.892253021651413292e-05
1.874482040875591338e-05
1.894523848022799939e-05
1.946293377841357142e-05
1.996046739805024117e-05
2.009507261391263455e-05
1.991406861634459347e-05
1.949713441717904061e-05
1.916512519528623670e-05
1.906458783196285367e-05
1.916841029014904052e-05
1.933671956066973507e-05
1.918722591653931886e-05
1.888834594865329564e-05
1.854540823842398822e-05
1.769750087987631559e-05
1.689413147687446326e-05
1.719379361020401120e-05
1.769169466570019722e-05
1.741319465509150177e-05
1.681013600318692625e-05
1.674858503974974155e-05
1.706371403997763991e-05
1.708757190499454737e-05
1.672974940447602421e-05
1.651041202421765774e-05
1.666343268880154938e-05
1.680777131696231663e-05
1.663941839069593698e-05
1.639542460907250643e-05
1.640677692194003612e-05
1.655677078815642744e-05
1.653355866437777877e-05
1.633480496820993721e-05
1.624344804440625012e-05
1.633604369999375194e-05
1.639983020140789449e-05
1.630627411941532046e-05
1.618009082449134439e-05
1.617440648260526359e-05
1.624134347366634756e-05
1.624769720365293324e-05
1.617695852473843843e-05
1.610451727174222469e-05
1.609078026376664639e-05
1.611594416317529976e-05
1.612432606634683907e-05
1.609660648682620376e-05
1.605397483217529953e-05
1.602254997123964131e-05
1.600823998160194606e-05
1.600824543857015669e-05
1.600836912984959781e-05
1.600126051926054060e-05
1.598517337697558105e-05
1.595075627847108990e-05
1.592456101207062602e-05
1.592132321093231440e-05
1.592813168826978654e-05
1.592742955836001784e-05
1.590754072822164744e-05
1.588293343957047909e-05
1.586358484928496182e-05
1.585462268849369138e-05
1.584801975695881993e-05
1.584406163601670414e-05
1.584181700309272856e-05
1.582894037710502744e-05
1.580939715495333076e-05
1.579004492668900639e-05
1.577037983224727213e-05
1.575210990267805755e-05
1.573570807522628456e-05
1.572494147694669664e-05
1.572059045429341495e-05
1.571571738168131560e-05
1.571284337842371315e-05
1.571450775372795761e-05
1.572606379340868443e-05
1.574276575411204249e-05
1.578572118887677789e-05
1.581234937475528568e-05
1.582639379194006324e-05
1.580463140271604061e-05
1.576231989020016044e-05
1.570085441926494241e-05
1.564139347465243191e-05
1.559561496833339334e-05
1.557151153974700719e-05
1.557524956297129393e-05
1.559494012326467782e-05
1.562351280881557614e-05
1.564866579428780824e-05
1.566546961839776486e-05
1.566700666444376111e-05
1.566439823363907635e-05
1.564761987538076937e-05
1.562190482218284160e-05
1.558879557705949992e-05
1.555544440634548664e-05
1.552243520563933998e-05
1.550545493955723941e-05
1.549173794046510011e-05
1.549666194478049874e-05
1.551426612422801554e-05
1.554984373797196895e-05
1.560729469929356128e-05
1.568772313476074487e-05
1.577842158440034837e-05
1.584186065883841366e-05
1.586309736012481153e-05
1.580047137395013124e-05
1.568002335261553526e-05
1.551746572658885270e-05
1.537754360469989479e-05
1.531164161860942841e-05
1.532010537630412728e-05
1.537373827886767685e-05
1.543404505355283618e-05
1.547873216622974724e-05
1.548380350868683308e-05
1.545930717838928103e-05
1.540419543744064867e-05
1.533950671728234738e-05
1.529294968349859118e-05
1.528037864773068577e-05
1.530435656604822725e-05
1.534414332127198577e-05
1.538604374218266457e-05
1.542272730148397386e-05
1.543932557979132980e-05
1.544413134979549795e-05
1.548138061480131000e-05
1.558648909849580377e-05
1.575948590470943600e-05
1.606048317626118660e-05
1.635435182834044099e-05
1.669555058469995856e-05
1.682373658695723861e-05
1.683238588157109916e-05
1.654256266192533076e-05
1.616478039068169892e-05
1.579789750394411385e-05
1.564029116707388312e-05
1.574680572957731783e-05
1.593970046087633818e-05
1.610786239325534552e-05
1.608423372090328485e-05
1.594118293724022806e-05
1.574588713992852718e-05
1.556278584757819772e-05
1.547995270811952651e-05
1.543132020742632449e-05
1.539305776532273740e-05
1.532928217784501612e-05
1.529690598545130342e-05
1.529173823655582964e-05
1.533300928713288158e-05
1.537405114504508674e-05
1.537563912279438227e-05
1.532531314296647906e-05
1.522749425930669531e-05
1.511822119937278330e-05
1.501712267781840637e-05
1.499218433309579268e-05
1.502392933616647497e-05
1.513893676019506529e-05
1.527755921415518969e-05
1.542825157230254263e-05
1.551324930915143341e-05
1.557088398840278387e-05
1.561313547426834702e-05
1.569485357322264463e-05
1.584488927619531751e-05
1.609025639481842518e-05
1.640977279748767614e-05
1.672187499934807420e-05
1.704464375507086515e-05
1.723660534480586648e-05
1.741083906381390989e-05
1.745553709042724222e-05
1.755297125782817602e-05
1.769800655893050134e-05
1.792481998563744128e-05
1.813680682971607894e-05
1.840425102273002267e-05
1.827208870963659137e-05
1.810904359444975853e-05
1.761291241564322263e-05
1.711793447611853480e-05
1.683428672549780458e-05
1.655002415645867586e-05
1.626946686883457005e-05
1.591979525983333588e-05
1.562685065437108278e-05
1.546733801660593599e-05
1.545109626022167504e-05
1.548408363305497915e-05
1.545130362501367927e-05
1.533290560473687947e-05
1.516991596872685477e-05
1.502223767602117732e-05
1.491465900471666828e-05
1.490641716372920200e-05
1.497604080213932320e-05
1.505912314314628020e-05
1.508100831415504217e-05
1.503455951024079695e-05
1.498267738497816026e-05
1.500861071690451354e-05
1.511177742941072211e-05
1.526839878351893276e-05
1.536676973046269268e-05
1.540290759294293821e-05
1.540599987492896616e-05
1.508588229626184329e-05
1.454855464544380084e-05
1.442895336367655545e-05
1.467400397814344615e-05
1.481502840761095285e-05
1.466172670916421339e-05
1.439581774320686236e-05
1.431397322448901832e-05
1.444053668819833547e-05
1.453997174394316971e-05
1.443551354896044359e-05
1.426257404091302305e-05
1.421590422978624701e-05
1.430132851965026930e-05
1.433812940376810730e-05
1.424937909177970141e-05
1.415071892552077770e-05
1.414092457707738504e-05
1.419198088115081191e-05
1.419795535184675828e-05
1.413838344888063148e-05
1.407645868312101811e-05
1.406097908329684287e-05
1.408235493727261201e-05
1.409670403518248349e-05
1.407345007464755327e-05
1.403673013555817306e-05
1.401116696797544137e-05
1.400710880261613056e-05
1.401482768415007740e-05
1.400955898134270683e-05
1.399082429998088628e-05
1.396670268150046468e-05
1.394625451212050393e-05
1.393787806591717526e-05
1.393818547512637451e-05
1.393954607920022681e-05
1.393038473906926811e-05
1.391015302942832932e-05
1.388497366860974580e-05
1.387192332913400605e-05
1.387162228638771921e-05
1.387373868055874482e-05
1.387231259286636487e-05
1.385975338052958250e-05
1.384657934977440163e-05
1.383488142892019823e-05
1.382299160468392074e-05
1.381921356369275600e-05
1.382483060297090560e-05
1.384188635711325333e-05
1.385538507747696713e-05
1.385878022119868547e-05
1.384412735205842182e-05
1.383727794745936990e-05
1.382914251735201105e-05
1.382912432745797560e-05
1.381694983138004318e-05
1.378831166221061721e-05
1.375374540657503530e-05
1.372091446683043614e-05
1.370403879263903946e-05
1.370178870274685323e-05
1.371435337205184624e-05
1.372988390357932076e-05
1.374811654386576265e-05
1.374966632283758372e-05
1.374604016746161506e-05
1.372848328173859045e-05
1.370252539345528930e-05
1.367796903650742024e-05
1.366380365652730688e-05
1.366096694255247712e-05
1.367625554848928005e-05
1.369819801766425371e-05
1.371634698443813249e-05
1.371792768622981384e-05
1.370702193526085466e-05
1.368838184134801850e-05
1.366646210954058915e-05
1.364543641102500260e-05
1.363210867566522211e-05
1.362318562314612791e-05
1.361999420623760670e-05
1.362405237159691751e-05
1.365439584333216771e-05
1.369126130157383159e-05
1.376245654682861641e-05
1.380995126964990050e-05
1.384904135193210095e-05
1.383865583193255588e-05
1.379204513796139508e-05
1.370759036944946274e-05
1.363516184937907383e-05
1.359335055894916877e-05
1.358842564513906837e-05
1.361914564768085256e-05
1.364596391795203090e-05
1.368873472529230639e-05
1.370312747894786298e-05
1.370546942780492827e-05
1.365482785331550986e-05
1.359730686090188101e-05
1.352596245851600543e-05
1.347771740256575868e-05
1.344786596746416762e-05
1.344447809970006347e-05
1.345781947748037055e-05
1.346741737506818026e-05
1.350379261566558853e-05
1.354456708213547245e-05
1.362489911116426811e-05
1.368406356050400063e-05
1.376230466121342033e-05
1.379151854052906856e-05
1.386154326610267162e-05
1.392150443280115724e-05
1.404303566232556477e-05
1.420867010892834514e-05
1.445974248781567439e-05
1.468832033424405381e-05
1.486666951677761972e-05
1.488962243456626311e-05
1.468447499064495787e-05
1.433006764273159206e-05
1.388891814713133499e-05
1.355266340397065505e-05
1.341053939540870488e-05
1.348028035863535479e-05
1.365917160001117736e-05
1.383716607961105183e-05
1.392542071698699147e-05
1.390677698509534821e-05
1.380387311655795202e-05
1.369721940136514604e-05
1.361544309474993497e-05
1.357283417746657506e-05
1.353933748760027811e-05
1.350248112430563197e-05
1.345726832369109616e-05
1.342232735623838380e-05
1.337919911748031154e-05
1.335283832304412499e-05
1.332683314103633165e-05
1.331821658823173493e-05
1.332620922767091542e-05
1.334365970251383260e-05
1.337970297754509374e-05
1.341297684120945632e-05
1.345058808510657400e-05
1.344771953881718218e-05
1.347226407233392820e-05
1.350144066236680374e-05
1.358814552077092230e-05
1.375386455038096756e-05
1.403516125719761476e-05
1.447981594537850469e-05
1.504291867604479194e-05
1.578845876792911440e-05
1.638929825276136398e-05
1.695362152531743050e-05
1.673293081694282591e-05
1.606076148163992912e-05
1.494747175456723198e-05
1.425166374247055501e-05
1.424323272658511996e-05
1.453315599064808339e-05
1.457602047594264150e-05
1.408807020197855309e-05
1.352101389784365892e-05
1.337467256234958768e-05
1.367398363072425127e-05
1.399609209329355508e-05
1.391475598211400211e-05
1.355777931166812778e-05
1.324291770288255066e-05
1.326264009549049661e-05
1.349505055259214714e-05
1.368872926832409576e-05
1.367610275337938219e-05
1.359093130304245278e-05
1.356783013761742041e-05
1.374609018967021257e-05
1.396594689140329137e-05
1.424761012458475307e-05
1.440820415155030787e-05
1.458903170714620501e-05
1.468142727389931679e-05
1.469813651056028903e-05
1.452448577765608206e-05
1.421686465619131923e-05
1.390510260534938425e-05
1.360079386358847842e-05
1.332433657807996497e-05
1.313579832640243694e-05
1.308947685174643993e-05
1.319429247814696282e-05
1.335260913037927821e-05
1.343135409115348011e-05
