2.426645159721374512e-02
2.412316016852855682e-02
2.407751977443695068e-02
2.362322434782981873e-02
2.308901026844978333e-02
2.279970608651638031e-02
2.262251451611518860e-02
2.222901582717895508e-02
2.187862060964107513e-02
2.159416116774082184e-02
2.135266922414302826e-02
2.111463434994220734e-02
2.092166617512702942e-02
2.066345885396003723e-02
2.038471214473247528e-02
2.017991431057453156e-02
1.990368030965328217e-02
1.967039704322814941e-02
1.942865364253520966e-02
1.914358325302600861e-02
1.887292787432670593e-02
1.855773851275444031e-02
1.827207766473293304e-02
1.797767728567123413e-02
1.771156676113605499e-02
1.745349168777465820e-02
1.719152554869651794e-02
1.695433445274829865e-02
1.675617881119251251e-02
1.667034439742565155e-02
1.627621985971927643e-02
1.599405519664287567e-02
1.581791974604129791e-02
1.556145213544368744e-02
1.534576807171106339e-02
1.509161200374364853e-02
1.482366397976875305e-02
1.444616448134183884e-02
1.417480222880840302e-02
1.416669040918350220e-02
1.346473768353462219e-02
1.315741427242755890e-02
1.284139137715101242e-02
1.232043560594320297e-02
1.210327167063951492e-02
1.149770244956016541e-02
1.124481018632650375e-02
1.074151229113340378e-02
1.042998861521482468e-02
9.983485564589500427e-03
9.702457115054130554e-03
9.325693361461162567e-03
9.035069495439529419e-03
8.480581454932689667e-03
8.168894797563552856e-03
7.762042339891195297e-03
7.462078239768743515e-03
7.078784052282571793e-03
6.779866293072700500e-03
6.470903288573026657e-03
6.323685403913259506e-03
6.032508797943592072e-03
5.913673434406518936e-03
5.637325346469879150e-03
5.406193435192108154e-03
5.360706709325313568e-03
5.627433769404888153e-03
4.894807003438472748e-03
4.749042447656393051e-03
5.338792223483324051e-03
4.327199421823024750e-03
4.498552996665239334e-03
4.012518562376499176e-03
4.078942816704511642e-03
3.751012030988931656e-03
3.641865449026226997e-03
3.626422956585884094e-03
3.337939502671360970e-03
3.277594922110438347e-03
3.167064860463142395e-03
3.037738846614956856e-03
2.955431817099452019e-03
2.828102791681885719e-03
2.735222456976771355e-03
2.663294086232781410e-03
2.543484559282660484e-03
2.464955905452370644e-03
2.388083375990390778e-03
2.283151727169752121e-03
2.228652359917759895e-03
2.145276172086596489e-03
2.073487499728798866e-03
2.051061717793345451e-03
2.000292995944619179e-03
2.035117242485284805e-03
1.883613294921815395e-03
1.840789453126490116e-03
1.729204785078763962e-03
1.639608643017709255e-03
1.636313740164041519e-03
1.583563047461211681e-03
1.485682441852986813e-03
1.434121280908584595e-03
1.403194037266075611e-03
1.353816012851893902e-03
1.285394420847296715e-03
1.255830284208059311e-03
1.219480764120817184e-03
1.170865260064601898e-03
1.129662850871682167e-03
1.107010990381240845e-03
1.069309422746300697e-03
1.029595499858260155e-03
1.007427228614687920e-03
9.821217972785234451e-04
9.471348603256046772e-04
9.216127800755202770e-04
9.042077581398189068e-04
8.764739613980054855e-04
8.486859733238816261e-04
8.349099662154912949e-04
8.107272442430257797e-04
7.897402392700314522e-04
7.737301639281213284e-04
7.560470839962363243e-04
7.375702844001352787e-04
7.213226635940372944e-04
7.079033530317246914e-04
6.916745333001017570e-04
6.764092249795794487e-04
6.640442879870533943e-04
6.505793426185846329e-04
6.380714476108551025e-04
6.257229833863675594e-04
6.135908188298344612e-04
6.030030781403183937e-04
5.935280933044850826e-04
5.830530426464974880e-04
5.729564581997692585e-04
5.627346108667552471e-04
5.538120749406516552e-04
5.458465311676263809e-04
5.378651549108326435e-04
5.302320932969450951e-04
5.224483902566134930e-04
5.148035706952214241e-04
5.070890765637159348e-04
5.000986275263130665e-04
4.941370571032166481e-04
4.883980727754533291e-04
4.835174477193504572e-04
4.791707033291459084e-04
4.759395087603479624e-04
4.733249370474368334e-04
4.714847309514880180e-04
4.683335428126156330e-04
4.634646466001868248e-04
4.555356863420456648e-04
4.445918893907219172e-04
4.342913161963224411e-04
4.284758470021188259e-04
4.262156726326793432e-04
4.239711852278560400e-04
4.189126775600016117e-04
4.117851203773170710e-04
4.063525120727717876e-04
4.038547631353139877e-04
4.028874100185930729e-04
3.991035046055912971e-04
3.929998492822051048e-04
3.863960155285894871e-04
3.820776182692497969e-04
3.800486738327890635e-04
3.782336134463548660e-04
3.752990451175719500e-04
3.717379586305469275e-04
3.697516804095357656e-04
3.701918758451938629e-04
3.730019670911133289e-04
3.773450443986803293e-04
3.790890332311391830e-04
3.763466665986925364e-04
3.684187831822782755e-04
3.542706253938376904e-04
3.452085657045245171e-04
3.448632487561553717e-04
3.465240297373384237e-04
3.426330804359167814e-04
3.354208020027726889e-04
3.310895408503711224e-04
3.290640597697347403e-04
3.265252453275024891e-04
3.235082258470356464e-04
3.219407808501273394e-04
3.208687412552535534e-04
3.173151635564863682e-04
3.129185934085398912e-04
3.104525385424494743e-04
3.099614405073225498e-04
3.087196382693946362e-04
3.061333554796874523e-04
3.022596356458961964e-04
2.988704072777181864e-04
2.966689353343099356e-04
2.945269516203552485e-04
2.932739444077014923e-04
2.920232072938233614e-04
2.892522898036986589e-04
2.861893153749406338e-04
2.844987029675394297e-04
2.836187777575105429e-04
2.823886170517653227e-04
2.805205876938998699e-04
2.783061645459383726e-04
2.761642099358141422e-04
2.740015333984047174e-04
2.724045771174132824e-04
2.715568407438695431e-04
2.705859660636633635e-04
2.690182009246200323e-04
2.673787821549922228e-04
2.661380276549607515e-04
2.647931687533855438e-04
2.629002847243100405e-04
2.609911316540092230e-04
2.596018020994961262e-04
2.584165195003151894e-04
2.569981443230062723e-04
2.555871906224638224e-04
2.547010371927171946e-04
2.542382571846246719e-04
2.536533575039356947e-04
2.526356838643550873e-04
2.514236839488148689e-04
2.504164876881986856e-04
2.492838539183139801e-04
2.475511864759027958e-04
2.451670879963785410e-04
2.427615108899772167e-04
2.410584420431405306e-04
2.401891979388892651e-04
2.400760859018191695e-04
2.410922461422160268e-04
2.439577365294098854e-04
2.493594365660101175e-04
2.574108948465436697e-04
2.659672172740101814e-04
2.687413652893155813e-04
2.593636454548686743e-04
2.416835632175207138e-04
2.330692223040387034e-04
2.390306326560676098e-04
2.436016948195174336e-04
2.352817828068509698e-04
2.261076006107032299e-04
2.288318501086905599e-04
2.337240730412304401e-04
2.285424998262897134e-04
2.212423860328271985e-04
2.221079630544409156e-04
2.250886755064129829e-04
2.220972819486632943e-04
2.169901563320308924e-04
2.169094077544286847e-04
2.184193726861849427e-04
2.160437143174931407e-04
2.124393213307484984e-04
2.119567798217758536e-04
2.132792578777298331e-04
2.121645957231521606e-04
2.091672067763283849e-04
2.081010170513764024e-04
2.089126501232385635e-04
2.082812716253101826e-04
2.065262960968539119e-04
2.054901851806789637e-04
2.068161993520334363e-04
2.087909961119294167e-04
2.106970932800322771e-04
2.127400657627731562e-04
2.171342785004526377e-04
2.193967520724982023e-04
2.179568400606513023e-04
2.095716772601008415e-04
2.029538300121203065e-04
2.041748375631868839e-04
2.076145028695464134e-04
2.069697511615231633e-04
1.997524814214557409e-04
1.952589082065969706e-04
1.953324826899915934e-04
1.945412805071100593e-04
1.929115096572786570e-04
1.937911147251725197e-04
1.965477422345429659e-04
1.989982847589999437e-04
2.062812563963234425e-04
2.201398456236347556e-04
2.431857574265450239e-04
2.512233913876116276e-04
2.312725409865379333e-04
1.950930745806545019e-04
1.950424921233206987e-04
2.113156660925596952e-04
1.981608511414378881e-04
1.869615225587040186e-04
1.949132711160928011e-04
1.922639930853620172e-04
1.854571310104802251e-04
1.880452473415061831e-04
1.850890257628634572e-04
1.825252111302688718e-04
1.846617815317586064e-04
1.815992727642878890e-04
1.817128795664757490e-04
1.845789665821939707e-04
1.859799813246354461e-04
1.916549954330548644e-04
1.998558873310685158e-04
2.065548032987862825e-04
2.089520130539312959e-04
1.973415201064199209e-04
1.824505161494016647e-04
1.752440148266032338e-04
1.755063130985945463e-04
1.802565384423360229e-04
1.796332944650202990e-04
1.734906400088220835e-04
1.714253739919513464e-04
1.718982384772971272e-04
1.708599738776683807e-04
1.683980080997571349e-04
1.664834126131609082e-04
1.680266577750444412e-04
1.678852422628551722e-04
1.629705366212874651e-04
1.617329544387757778e-04
1.638592948438599706e-04
1.633855863474309444e-04
1.612813503015786409e-04
1.593163615325465798e-04
1.590767351444810629e-04
1.593156630406156182e-04
1.581877295393496752e-04
1.569505111547186971e-04
1.565074198879301548e-04
1.563594123581424356e-04
1.558579824632033706e-04
1.547530409879982471e-04
1.536942581878975034e-04
1.532127498649060726e-04
1.528993743704631925e-04
1.523619139334186912e-04
1.517077616881579161e-04
1.510277506895363331e-04
1.504763204138725996e-04
1.501981023466214538e-04
1.503530656918883324e-04
1.510425499873235822e-04
1.531656162114813924e-04
1.582745608175173402e-04
1.690917561063542962e-04
1.857830648077651858e-04
2.056327502941712737e-04
2.030139585258439183e-04
1.765791967045515776e-04
1.524645922472700477e-04
1.559626543894410133e-04
1.685154857113957405e-04
1.607029698789119720e-04
1.491048751631751657e-04
1.543485850561410189e-04
1.576137292431667447e-04
1.498123892815783620e-04
1.475174649385735393e-04
1.504475512774661183e-04
1.485225802753120661e-04
1.469402341172099113e-04
1.468704867875203490e-04
1.459449558751657605e-04
1.449256960768252611e-04
1.459546911064535379e-04
1.467800757382065058e-04
1.475216704420745373e-04
1.483052910771220922e-04
1.492040901212021708e-04
1.487754489062353969e-04
1.480328792240470648e-04
1.451773423468694091e-04
1.425196242053061724e-04
1.389835233567282557e-04
1.367115037282928824e-04
1.369288802379742265e-04
1.384569914080202579e-04
1.393085840390995145e-04
1.394419086864218116e-04
1.394800783600658178e-04
1.376197178615257144e-04
1.346813660347834229e-04
1.324646727880463004e-04
1.320125302299857140e-04
1.317424612352624536e-04
1.311022497247904539e-04
1.306000631302595139e-04
1.300075964536517859e-04
1.297076960327103734e-04
1.294801768381148577e-04
1.289474021177738905e-04
1.282564626308158040e-04
1.277743140235543251e-04
1.276041293749585748e-04
1.274514797842130065e-04
1.270024513360112906e-04
1.265524479094892740e-04
1.259998825844377279e-04
1.254761446034535766e-04
1.252516813110560179e-04
1.251004287041723728e-04
1.247728068847209215e-04
1.243335573235526681e-04
1.240084384335204959e-04
1.236538955708965659e-04
1.232522772625088692e-04
1.229126646649092436e-04
1.226229796884581447e-04
1.223784493049606681e-04
1.222396822413429618e-04
1.221570564666762948e-04
1.218770557898096740e-04
1.216589662362821400e-04
1.215308875543996692e-04
1.214641015394590795e-04
1.213616487802937627e-04
1.213069335790351033e-04
1.212329443660564721e-04
1.211881317431107163e-04
1.210166228702291846e-04
1.206957895192317665e-04
1.201387422042898834e-04
1.193558928207494318e-04
1.185188302770256996e-04
1.177528320113196969e-04
1.171981566585600376e-04
1.168373783002607524e-04
1.167119698948226869e-04
1.168214075732976198e-04
1.172114498331211507e-04
1.177527665277011693e-04
1.183522326755337417e-04
1.189388058264739811e-04
1.196617959067225456e-04
1.203598876600153744e-04
1.210906266351230443e-04
1.212754068546928465e-04
1.210303307743743062e-04
1.200858969241380692e-04
1.187960806419141591e-04
1.169924362329766154e-04
1.151770557044073939e-04
1.139046726166270673e-04
1.137640429078601301e-04
1.145193164120428264e-04
1.153596604126505554e-04
1.157223159680142999e-04
1.150800599134527147e-04
1.137133804149925709e-04
1.120189190260134637e-04
1.107184580178000033e-04
1.101794623536989093e-04
1.103363829315640032e-04
1.109205259126611054e-04
1.115229679271578789e-04
1.120077286032028496e-04
1.120799352065660059e-04
1.119724765885621309e-04
1.114710757974535227e-04
1.109691220335662365e-04
1.103587856050580740e-04
1.099644287023693323e-04
1.098410502891056240e-04
1.100700901588425040e-04
1.105262053897604346e-04
1.111526071326807141e-04
1.115721388487145305e-04
1.116962812375277281e-04
1.114572442020289600e-04
1.110328594222664833e-04
1.106976487790234387e-04
1.101423113141208887e-04
1.094098843168467283e-04
1.082204544218257070e-04
1.071409569703973830e-04
1.064580937963910401e-04
1.063883173628710210e-04
1.066461118170991540e-04
1.070381622412241995e-04
1.071916703949682415e-04
1.068514757207594812e-04
1.061763759935274720e-04
1.054948952514678240e-04
1.051816652761772275e-04
1.055619868566282094e-04
1.065462201950140297e-04
1.080109141184948385e-04
1.097281347028911114e-04
1.116898638429120183e-04
1.131593162426725030e-04
1.145887727034278214e-04
1.142298933700658381e-04
1.140572421718388796e-04
1.124844347941689193e-04
1.116445855586789548e-04
1.108653013943694532e-04
1.101848756661638618e-04
1.081560039892792702e-04
1.044871387421153486e-04
1.016813694150187075e-04
1.020392664941027761e-04
1.044403179548680782e-04
1.050740684149786830e-04
1.029015984386205673e-04
1.000026459223590791e-04
9.866932668955996633e-05
9.938493894878774881e-05
1.008328399620950222e-04
1.011782296700403094e-04
9.994627180276438594e-05
9.827497706282883883e-05
9.723100811243057251e-05
9.707303979666903615e-05
9.738624794408679008e-05
9.763103298610076308e-05
9.767297888174653053e-05
9.741877147462219000e-05
9.719254740048199892e-05
9.736572246765717864e-05
9.811884956434369087e-05
9.950233652489259839e-05
1.012313441606238484e-04
1.033845401252619922e-04
1.056374094332568347e-04
1.075142790796235204e-04
1.081103691831231117e-04
1.077734414138831198e-04
1.052439038176089525e-04
1.026621830533258617e-04
9.960110764950513840e-05
9.846266038948670030e-05
9.877038974082097411e-05
9.943734767148271203e-05
9.828942711465060711e-05
9.528904047328978777e-05
9.337731898995116353e-05
9.422812581760808825e-05
9.638653136789798737e-05
9.723167750053107738e-05
9.567113738739863038e-05
9.338960808236151934e-05
9.286981367040425539e-05
9.476488776272162795e-05
9.809510083869099617e-05
1.012140710372477770e-04
1.047328478307463229e-04
1.089425641112029552e-04
1.143979243352077901e-04
1.164623390650376678e-04
1.119159060181118548e-04
1.031516148941591382e-04
9.850714559433981776e-05
1.017753238556906581e-04
1.027430553222075105e-04
9.923906327458098531e-05
9.750886965775862336e-05
1.006341553875245154e-04
1.020312920445576310e-04
9.723764378577470779e-05
9.206884715240448713e-05
9.138097084360197186e-05
9.237167978426441550e-05
9.196654718834906816e-05
9.132856939686462283e-05
9.133963612839579582e-05
9.043731552083045244e-05
8.830091246636584401e-05
8.712642011232674122e-05
8.816416811896488070e-05
8.899229578673839569e-05
8.823021198622882366e-05
8.756979514146223664e-05
8.779379277257248759e-05
8.797540067462250590e-05
8.772966248216107488e-05
8.796397742116823792e-05
8.945228910306468606e-05
9.149377729045227170e-05
9.266161941923201084e-05
9.379909170093014836e-05
9.404466254636645317e-05
9.339833195554092526e-05
9.179054904961958528e-05
8.983277075458317995e-05
8.687667286721989512e-05
8.479899406665936112e-05
8.553179941372945905e-05
8.638804138172417879e-05
8.555664680898189545e-05
8.432175673078745604e-05
8.379326027352362871e-05
8.390096627408638597e-05
8.398123463848605752e-05
8.346426329808309674e-05
8.279661415144801140e-05
8.266148506663739681e-05
8.260933827841654420e-05
8.226306090364232659e-05
8.191505912691354752e-05
8.172118396032601595e-05
8.153796807164326310e-05
8.135408279486000538e-05
8.121525752358138561e-05
8.099891419988125563e-05
8.064838038990274072e-05
8.035680366447195411e-05
8.025588613236322999e-05
8.021760004339739680e-05
8.010271994862705469e-05
7.990105223143473268e-05
7.967892452143132687e-05
7.952938904054462910e-05
7.935872417874634266e-05
7.917577022453770041e-05
7.902055222075432539e-05
7.894228474469855428e-05
7.884371007094159722e-05
7.864731742301955819e-05
7.839874888304620981e-05
7.823071064194664359e-05
7.816017750883474946e-05
7.809305679984390736e-05
7.797249418217688799e-05
7.780385203659534454e-05
7.765398186165839434e-05
7.759880827507004142e-05
7.769642252242192626e-05
7.797312719048932195e-05
7.838253077352419496e-05
7.900642958702519536e-05
7.981126691447570920e-05
8.088987669907510281e-05
8.197533315978944302e-05
8.305287337861955166e-05
8.338777115568518639e-05
8.324928057845681906e-05
8.179937867680564523e-05
7.982149691088125110e-05
7.768055365886539221e-05
7.641211414011195302e-05
7.622199336765334010e-05
7.680262206122279167e-05
7.750028453301638365e-05
7.794256816850975156e-05
7.811695104464888573e-05
7.794536941219121218e-05
7.759236905258148909e-05
7.690961501793935895e-05
7.613703201059252024e-05
7.543383253505453467e-05
7.495994213968515396e-05
7.472549623344093561e-05
7.471696153515949845e-05
7.487789844162762165e-05
7.514691969845443964e-05
7.552078022854402661e-05
7.582602847833186388e-05
7.607406587339937687e-05
7.600920071126893163e-05
7.584585546283051372e-05
7.548504800070077181e-05
7.526562694692984223e-05
7.514347817050293088e-05
7.525162800448015332e-05
7.545485277660191059e-05
7.593432383146136999e-05
7.650085899513214827e-05
7.738493150100111961e-05
7.837560406187549233e-05
7.981419184943661094e-05
8.144653111230581999e-05
8.306321251438930631e-05
8.405533299082890153e-05
8.378981146961450577e-05
8.233970584115013480e-05
8.007585711311548948e-05
7.841713522793725133e-05
7.796945283189415932e-05
7.857332093408331275e-05
7.909422129159793258e-05
7.887231913628056645e-05
7.696033571846783161e-05
7.544010441051796079e-05
7.528446440119296312e-05
7.622922566952183843e-05
7.649785402463749051e-05
7.491422729799523950e-05
7.252430077642202377e-05
7.100182847352698445e-05
7.133189501473680139e-05
7.262879807967692614e-05
7.342016760958358645e-05
7.313050446100533009e-05
7.200251275207847357e-05
7.095844193827360868e-05
7.046019163681194186e-05
7.052918954286724329e-05
7.086419645929709077e-05
7.091421139193698764e-05
7.073125016177073121e-05
7.027655374258756638e-05
6.985795334912836552e-05
6.961426697671413422e-05
6.972142728045582771e-05
7.014885341050103307e-05
7.095332694007083774e-05
7.203088898677378893e-05
7.360047311522066593e-05
7.568990986328572035e-05
7.877862663008272648e-05
8.263514610007405281e-05
8.799987699603661895e-05
9.291341848438605666e-05
9.640570351621136069e-05
9.255307668354362249e-05
8.392681775148957968e-05
7.408430974464863539e-05
7.235821976792067289e-05
7.812427065800875425e-05
8.258507295977324247e-05
7.970769365783780813e-05
7.208172610262408853e-05
6.872620724607259035e-05
7.177669613156467676e-05
7.529609138146042824e-05
7.471391290891915560e-05
7.096771150827407837e-05
6.956641300348564982e-05
7.160863606259226799e-05
7.376997382380068302e-05
7.341042510233819485e-05
7.140397792682051659e-05
7.133727194741368294e-05
7.387619552901014686e-05
7.659169932594522834e-05
7.823964551789686084e-05
7.820004975656047463e-05
7.753053796477615833e-05
7.542112143710255623e-05
7.188333256635814905e-05
6.894946272950619459e-05
6.885983020765706897e-05
7.018605538178235292e-05
6.976389704504981637e-05
6.787022721255198121e-05
6.720126839354634285e-05
6.779057730454951525e-05
6.826349272159859538e-05
6.735792703693732619e-05
6.680967635475099087e-05
6.703870167257264256e-05
6.705689156660810113e-05
6.629206473007798195e-05
6.561894406331703067e-05
6.585770461242645979e-05
6.677102646790444851e-05
6.798502727178856730e-05
6.906857015565037727e-05
7.063221710268408060e-05
7.206611917354166508e-05
7.357271533692255616e-05
7.453201396856456995e-05
7.491275755455717444e-05
7.332469249377027154e-05
6.998341996222734451e-05
6.633195880567654967e-05
6.494205445051193237e-05
6.638249033130705357e-05
6.884190224809572101e-05
7.042226206976920366e-05
6.987014057813212276e-05
6.929766823304817080e-05
6.908717477926984429e-05
7.076826295815408230e-05
7.266172178788110614e-05
7.305740291485562921e-05
7.010208355495706201e-05
6.614909216295927763e-05
6.392639625119045377e-05
6.426805339287966490e-05
6.513787957374006510e-05
6.489985389634966850e-05
6.396023673005402088e-05
6.367998139467090368e-05
6.337453669402748346e-05
6.237688648980110884e-05
6.206143007148057222e-05
6.242373638087883592e-05
6.241364462766796350e-05
6.191706052049994469e-05
6.147283420432358980e-05
6.141973426565527916e-05
6.150120316306129098e-05
6.138100434327498078e-05
6.114691495895385742e-05
6.095828575780615211e-05
6.079900049371644855e-05
6.070788731449283659e-05
6.072313408367335796e-05
6.066550849936902523e-05
6.038608989911153913e-05
6.012338781147263944e-05
6.006799958413466811e-05
6.014575046719983220e-05
6.013028178131207824e-05
5.995238825562410057e-05
5.973798033664934337e-05
5.958615656709298491e-05
5.956055247224867344e-05
5.956347740720957518e-05
5.953004074399359524e-05
5.940668779658153653e-05
5.928384052822366357e-05
5.921339106862433255e-05
5.917127782595343888e-05
5.909808533033356071e-05
5.902458724449388683e-05
5.893732668482698500e-05
5.891542605240829289e-05
5.894214700674638152e-05
5.901633994653820992e-05
5.905191937927156687e-05
5.909634637646377087e-05
5.911436528549529612e-05
5.916131340200081468e-05
5.914874418522231281e-05
5.915290603297762573e-05
5.902825796511024237e-05
5.881759352632798254e-05
5.854367191204801202e-05
5.830022564623504877e-05
5.809053618577308953e-05
5.794260869151912630e-05
5.782055814052000642e-05
5.771705400547944009e-05
5.766925096395425498e-05
5.769397830590605736e-05
5.781824438599869609e-05
5.801404040539637208e-05
5.830755617353133857e-05
5.866779974894598126e-05
5.913581480854190886e-05
5.959631016594357789e-05
5.998062988510355353e-05
6.013937672832980752e-05
6.015762483002617955e-05
5.988948396407067776e-05
5.955183951300568879e-05
5.916713780607096851e-05
5.913522909395396709e-05
5.934084401815198362e-05
5.991587386233732104e-05
6.041371671017259359e-05
6.112166011007502675e-05
6.097833829699084163e-05
6.071739335311576724e-05
5.974291707389056683e-05
5.903701094212010503e-05
5.878013689653016627e-05
5.933449574513360858e-05
6.029373980709351599e-05
6.091299655963666737e-05
6.056053462089039385e-05
5.929162216489203274e-05
5.768855407950468361e-05
5.654408960253931582e-05
5.621025047730654478e-05
5.654876440530642867e-05
5.713691280107013881e-05
5.758720726589672267e-05
5.760026033385656774e-05
5.716754458262585104e-05
5.653896732837893069e-05
5.602115197689272463e-05
5.589792999671772122e-05
5.613847679342143238e-05
5.670487371389754117e-05
5.735964441555552185e-05
5.824632535222917795e-05
5.897314258618280292e-05
6.025183029123581946e-05
6.153192953206598759e-05
6.397012475645169616e-05
6.613400910282507539e-05
6.874825339764356613e-05
6.916901475051417947e-05
6.806780584156513214e-05
6.510254024760797620e-05
6.228647544048726559e-05
6.101652252255007625e-05
6.150709668872877955e-05
6.299178494373336434e-05
6.302191468421369791e-05
6.197108450578525662e-05
5.981113281450234354e-05
5.847785723744891584e-05
5.787980626337230206e-05
5.775968020316213369e-05
5.785506800748407841e-05
5.738158870371989906e-05
5.660033275489695370e-05
5.584569589700549841e-05
5.587958366959355772e-05
5.637118738377466798e-05
5.638966831611469388e-05
5.577912816079333425e-05
5.517766840057447553e-05
5.559872442972846329e-05
5.682668415829539299e-05
5.849183071404695511e-05
6.007134288665838540e-05
6.217575719347223639e-05
6.461195152951404452e-05
6.656427285633981228e-05
6.688743451377376914e-05
6.358055543387308717e-05
5.871683242730796337e-05
5.498620885191485286e-05
5.521564526134170592e-05
5.783378946944139898e-05
5.937362220720387995e-05
5.805697583127766848e-05
5.556683754548430443e-05
5.454601705423556268e-05
5.534604497370310128e-05
5.605785918305628002e-05
5.591834633378311992e-05
5.504312503035180271e-05
5.446245268103666604e-05
5.404202966019511223e-05
5.381611481425352395e-05
5.378535206546075642e-05
5.386057091527618468e-05
5.369241989683359861e-05
5.355599569156765938e-05
5.355568646336905658e-05
5.396093911258503795e-05
5.453695848700590432e-05
5.562083970289677382e-05
5.713005157303996384e-05
5.905554644414223731e-05
6.002955706208012998e-05
6.008030322846025229e-05
5.843720282427966595e-05
5.719238470192067325e-05
5.736375896958634257e-05
5.867335130460560322e-05
5.900102769373916090e-05
5.759964915341697633e-05
5.614816473098471761e-05
5.600139411399140954e-05
5.716485611628741026e-05
5.736229286412708461e-05
5.657557267113588750e-05
5.507943933480419219e-05
5.396879714680835605e-05
5.283005521050654352e-05
5.218501974013634026e-05
5.235664502833969891e-05
5.324241283233277500e-05
5.392697858042083681e-05
5.423205220722593367e-05
5.396698907134123147e-05
5.384761971072293818e-05
5.343823431758210063e-05
5.317444447427988052e-05
5.293900539982132614e-05
5.285547740641050041e-05
5.226753273745998740e-05
5.164725371287204325e-05
5.120990681461989880e-05
5.149667777004651725e-05
5.237936420598998666e-05
5.378094283514656126e-05
5.572478039539419115e-05
5.814733594888821244e-05
6.083838525228202343e-05
6.225831020856276155e-05
6.168057007016614079e-05
5.883111589355394244e-05
5.657422661897726357e-05
5.701772170141339302e-05
5.786572728538885713e-05
5.826283813803456724e-05
5.509234324563294649e-05
5.305517697706818581e-05
5.269796747597865760e-05
5.214731936575844884e-05
5.233081174083054066e-05
5.256325312075205147e-05
5.170652366359718144e-05
5.059012255514971912e-05
5.070653423899784684e-05
5.091337880003266037e-05
5.022636833018623292e-05
4.998584699933417141e-05
5.030138709116727114e-05
4.983049439033493400e-05
4.901537249679677188e-05
4.915376484859734774e-05
4.967917629983276129e-05
4.931471630698069930e-05
4.852930578636005521e-05
4.852628626395016909e-05
4.882860230281949043e-05
4.869346594205126166e-05
4.840179099119268358e-05
4.827782322536222637e-05
4.825081850867718458e-05
4.821670881938189268e-05
4.807817458640784025e-05
4.793390689883381128e-05
4.784592965734191239e-05
4.781344978255219758e-05
4.776233254233375192e-05
4.768435246660374105e-05
4.762555181514471769e-05
4.754466863232664764e-05
4.746396371047012508e-05
4.741238444694317877e-05
4.737972994917072356e-05
4.733263995149172843e-05
4.723675010609440506e-05
4.715138129540719092e-05
4.709414497483521700e-05
4.707575135398656130e-05
4.702776641352102160e-05
4.696637188317254186e-05
4.692381480708718300e-05
4.688029366661794484e-05
4.682551661971956491e-05
4.676441312767565250e-05
4.672987779485993087e-05
4.673374132835306227e-05
4.674176307162269950e-05
4.675481613958254457e-05
4.673282091971486807e-05
4.674269075621850789e-05
4.676540629588998854e-05
4.685068051912821829e-05
4.689423803938552737e-05
4.693798109656199813e-05
4.694393646786920726e-05
4.692862421507015824e-05
4.688788249040953815e-05
4.687906402978114784e-05
4.688931585405953228e-05
4.698937118519097567e-05
4.703090962721034884e-05
4.709775021183304489e-05
4.713192902272567153e-05
4.728083149529993534e-05
4.734874164569191635e-05
4.736431219498626888e-05
4.719653588836081326e-05
4.697698750533163548e-05
4.668199107982218266e-05
4.640505721908994019e-05
4.614912541001103818e-05
4.601338514476083219e-05
4.594913116306997836e-05
4.599027670337818563e-05
4.605197682394646108e-05
4.612600605469197035e-05
4.627562884707003832e-05
4.647959212888963521e-05
4.685231397161260247e-05
4.720666402135975659e-05
4.768000144395045936e-05
4.794224878423847258e-05
4.814477142645046115e-05
4.787988291354849935e-05
4.739661017083562911e-05
4.672941577155143023e-05
4.627120506484061480e-05
4.623043423634953797e-05
4.681306381826288998e-05
4.772234751726500690e-05
4.903319495497271419e-05
5.014212365495041013e-05
5.111520295031368732e-05
5.090456033940427005e-05
4.975833508069626987e-05
4.787329817190766335e-05
4.677569449995644391e-05
4.709301720140501857e-05
4.858395914197899401e-05
4.971155431121587753e-05
4.999134762329049408e-05
4.896619429928250611e-05
4.789681042893789709e-05
4.732028537546284497e-05
4.746382910525426269e-05
4.756306225317530334e-05
4.728043859358876944e-05
4.641045234166085720e-05
4.552839527605101466e-05
4.507156336330808699e-05
4.519786307355388999e-05
4.564999835565686226e-05
4.618339517037384212e-05
4.658634861698374152e-05
4.680429992731660604e-05
4.701126090367324650e-05
4.729118882096372545e-05
4.768331928062252700e-05
4.808700396097265184e-05
4.832776176044717431e-05
4.836839434574358165e-05
4.797345900442451239e-05
4.718535274150781333e-05
4.617412923835217953e-05
4.545390402199700475e-05
4.540374720818363130e-05
4.609123789123259485e-05
4.660317426896654069e-05
4.697131953435018659e-05
4.668840847443789244e-05
4.675086893257685006e-05
4.723253732663579285e-05
4.848251046496443450e-05
4.926932160742580891e-05
4.982036261935718358e-05
4.892870856565423310e-05
4.769437509821727872e-05
4.665464439312927425e-05
4.672771683544851840e-05
4.755497502628713846e-05
4.853309292229823768e-05
4.841924237553030252e-05
4.734773756354115903e-05
4.546574200503528118e-05
4.399539466248825192e-05
4.371023169369436800e-05
4.430455737747251987e-05
4.493549567996524274e-05
4.499795613810420036e-05
4.467494727578014135e-05
4.433584763319231570e-05
4.425058796186931431e-05
4.427632666192948818e-05
4.418711978360079229e-05
4.385260035633109510e-05
4.350562812760472298e-05
4.327693022787570953e-05
4.339253791840746999e-05
4.366426946944557130e-05
4.411398185766302049e-05
4.462625656742602587e-05
4.543114482657983899e-05
4.636961602955125272e-05
4.772539250552654266e-05
4.920550782117061317e-05
5.093994695926085114e-05
5.261626938590779901e-05
5.247348599368706346e-05
5.069423787062987685e-05
4.701227953773923218e-05
4.439683834789320827e-05
4.478590562939643860e-05
4.687715045292861760e-05
4.772393003804609179e-05
4.666022869059816003e-05
4.540414738585241139e-05
4.490532955969683826e-05
4.447963146958500147e-05
4.431503475643694401e-05
4.445411832421086729e-05
4.504121170612052083e-05
4.570656892610713840e-05
4.649725087801925838e-05
4.737148992717266083e-05
4.885437010671012104e-05
5.007780055166222155e-05
5.164313188288360834e-05
5.382829476729966700e-05
5.843659164384007454e-05
6.494529952760785818e-05
6.866163312224671245e-05
6.474312976934015751e-05
5.241527469479478896e-05
4.741167140309698880e-05
5.242882616585120559e-05
5.279786273604258895e-05
4.572818943415768445e-05
4.634920333046466112e-05
4.664975494961254299e-05
4.506281402427703142e-05
4.685425301431678236e-05
4.399313547764904797e-05
4.336266283644363284e-05
4.508881102083250880e-05
4.333421020419336855e-05
4.316066042520105839e-05
4.328483191784471273e-05
4.231531420373357832e-05
4.273327795090153813e-05
4.243044895702041686e-05
4.172850458417087793e-05
4.183751298114657402e-05
4.157554212724789977e-05
4.138119038543663919e-05
4.146609717281535268e-05
4.125879058847203851e-05
4.097010969417169690e-05
4.089155845576897264e-05
4.113543400308117270e-05
4.136210554861463606e-05
4.149234155192971230e-05
4.230201375321485102e-05
4.390834146761335433e-05
4.671491115004755557e-05
4.896849350188858807e-05
5.151897494215518236e-05
4.789809463545680046e-05
4.279519635019823909e-05
4.062107109348289669e-05
4.299198553781025112e-05
4.405415529618039727e-05
4.159909440204501152e-05
4.109646397409960628e-05
4.214856380713172257e-05
4.130141678615473211e-05
4.052040094393305480e-05
4.110702866455540061e-05
4.104618346900679171e-05
4.033578443340957165e-05
4.033671575598418713e-05
4.038608312839642167e-05
4.011868804809637368e-05
4.007466486655175686e-05
4.001191700808703899e-05
3.983365240856073797e-05
3.971502519561909139e-05
3.959737296099774539e-05
3.959842797485180199e-05
3.955962893087416887e-05
3.940513124689459801e-05
3.934468622901476920e-05
3.927181387552991509e-05
3.917663707397878170e-05
3.918324000551365316e-05
3.913445834768936038e-05
3.901638410752639174e-05
3.897663191310130060e-05
3.898429349646903574e-05
3.891450251103378832e-05
3.882810415234416723e-05
3.879560608766041696e-05
3.876633491017855704e-05
3.871176159009337425e-05
3.867156556225381792e-05
3.864464088110253215e-05
3.860094875562936068e-05
3.857708361465483904e-05
3.854611350107006729e-05
3.851248402497731149e-05
3.849353015539236367e-05
3.849243148579262197e-05
3.850410575978457928e-05
3.852045119856484234e-05
3.857185583910904825e-05
3.862036101054400206e-05
3.870842192554846406e-05
3.874693356920033693e-05
3.880818621837534010e-05
3.878640200127847493e-05
3.873987589031457901e-05
3.864054087898693979e-05
3.856529656331986189e-05
3.847444895654916763e-05
3.843145168502815068e-05
3.846919935313053429e-05
3.859228309011086822e-05
3.883682802552357316e-05
3.920118251699022949e-05
3.975138679379597306e-05
4.037212420371361077e-05
4.117997013963758945e-05
4.174869172857142985e-05
4.223052746965549886e-05
4.182467819191515446e-05
4.103846367797814310e-05
3.972826743847690523e-05
3.878240750054828823e-05
3.842262231046333909e-05
3.870579166687093675e-05
3.914258923032321036e-05
3.930004822905175388e-05
3.918647053069435060e-05
3.889887375407852232e-05
3.866271435981616378e-05
3.855240720440633595e-05
3.850277789751999080e-05
3.837792974081821740e-05
3.822317012236453593e-05
3.804574225796386600e-05
3.793899304582737386e-05
3.791572453337721527e-05
3.799690239247865975e-05
3.809484405792318285e-05
3.820719939540140331e-05
3.822576036327518523e-05
3.823810402536764741e-05
3.815663148998282850e-05
3.801288039539940655e-05
3.785380613408051431e-05
3.776156518142670393e-05
3.778556856559589505e-05
3.794426083914004266e-05
3.809627014561556280e-05
3.826676402240991592e-05
3.829702109214849770e-05
3.840158387902192771e-05
3.845295577775686979e-05
3.865130929625593126e-05
3.877433482557535172e-05
3.897520946338772774e-05
3.901705713360570371e-05
3.908596409019082785e-05
3.901348463841713965e-05
3.906439815182238817e-05
3.897579153999686241e-05
3.901142554241232574e-05
3.879459836753085256e-05
3.862940502585843205e-05
3.852152804029174149e-05
3.869247666443698108e-05
3.902985918102785945e-05
3.926933641196228564e-05
3.933782500098459423e-05
3.907331119989976287e-05
3.877233757521025836e-05
3.851313158520497382e-05
3.847710104309953749e-05
3.856151670333929360e-05
3.851394649245776236e-05
3.817571268882602453e-05
3.758277307497337461e-05
3.688664219225756824e-05
3.655345426523126662e-05
3.669782745419070125e-05
3.721850225701928139e-05
3.782215208048000932e-05
3.830798959825187922e-05
3.851692235912196338e-05
3.851652945741079748e-05
3.844224920612759888e-05
3.825065869023092091e-05
3.807223401963710785e-05
3.764305438380688429e-05
3.721872417372651398e-05
3.675583866424858570e-05
3.651240695035085082e-05
3.653652674984186888e-05
3.679993096739053726e-05
3.711345925694331527e-05
3.740118336281739175e-05
3.766572262975387275e-05
3.790440678130835295e-05
3.827130785793997347e-05
3.890528387273661792e-05
3.975072468165308237e-05
4.119938239455223083e-05
4.295394683140330017e-05
4.607724986271932721e-05
4.991385139874182642e-05
5.560342833632603288e-05
5.884773054276593029e-05
5.928171231062151492e-05
5.168695133761502802e-05
4.244662341079674661e-05
3.930663297069258988e-05
4.328087743488140404e-05
4.686551619670353830e-05
4.421204721438698471e-05
3.900170850101858377e-05
3.717864819918759167e-05
3.944505078834481537e-05
4.122544851270504296e-05
3.986999945482239127e-05
3.779742110054939985e-05
3.728489900822751224e-05
3.803589788731187582e-05
3.735109203262254596e-05
3.593545261537656188e-05
3.657002162071876228e-05
3.696931526064872742e-05
3.596126407501287758e-05
3.576283779693767428e-05
3.618997652665711939e-05
3.581605778890661895e-05
3.541917612892575562e-05
3.560568802640773356e-05
3.553944770828820765e-05
3.517925870255567133e-05
3.510941678541712463e-05
3.526411455823108554e-05
3.512404146022163332e-05
3.487343929009512067e-05
3.487288267933763564e-05
3.491935422061942518e-05
3.478656799416057765e-05
3.468940121820196509e-05
3.470032970653846860e-05
3.466387352091260254e-05
3.455570913502015173e-05
3.448783900239504874e-05
3.450457734288647771e-05
3.448570714681409299e-05
3.441191802266985178e-05
3.434227983234450221e-05
3.430399010539986193e-05
3.430666401982307434e-05
3.427805131650529802e-05
3.418576307012699544e-05
3.415389801375567913e-05
3.417648986214771867e-05
3.414384627831168473e-05
3.406560790608637035e-05
3.401670983294025064e-05
3.402139554964378476e-05
3.401803405722603202e-05
3.396759711904451251e-05
3.392195867490954697e-05
3.389153789612464607e-05
3.389068660908378661e-05
3.387686956557445228e-05
3.384479714441113174e-05
3.381488204468041658e-05
3.378912879270501435e-05
3.376845052116550505e-05
3.375275991857051849e-05
3.373639265191741288e-05
3.371280035935342312e-05
3.368200123077258468e-05
3.365580050740391016e-05
3.362610004842281342e-05
3.361127528478391469e-05
3.359088805154897273e-05
3.355890657985582948e-05
3.352700514369644225e-05
3.349888356751762331e-05
3.348202153574675322e-05
3.346646190038882196e-05
3.344659126014448702e-05
3.342404306749813259e-05
3.340014154673554003e-05
3.338325404911302030e-05
3.336431109346449375e-05
3.334720895509235561e-05
3.333945642225444317e-05
3.334604480187408626e-05
3.336267036502249539e-05
3.339396425872109830e-05
3.341619230923242867e-05
3.341729461681097746e-05
3.337916496093384922e-05
3.331590778543613851e-05
3.323062628624029458e-05
3.316004949738271534e-05
3.310270767542533576e-05
3.306724465801380575e-05
3.307841689093038440e-05
3.310222018626518548e-05
3.316170113976113498e-05
3.322689008200541139e-05
3.329149330966174603e-05
3.331602056277915835e-05
3.331686821184121072e-05
3.327442755107767880e-05
3.321955227875150740e-05
3.314692366984672844e-05
3.307384395156987011e-05
3.300790558569133282e-05
3.295620626886375248e-05
3.292138353572227061e-05
3.290588210802525282e-05
3.290781751275062561e-05
3.291707253083586693e-05
3.293960253358818591e-05
3.294496127637103200e-05
3.296760405646637082e-05
3.297561488579958677e-05
3.299437594250775874e-05
3.298617957625538111e-05
3.297048169770278037e-05
3.295936403446830809e-05
3.297803414170630276e-05
3.301269316580146551e-05
3.306210055598057806e-05
3.312895205453969538e-05
3.323426426504738629e-05
3.333390850457362831e-05
3.341281990287825465e-05
3.342927448102273047e-05
3.333745917188934982e-05
3.314572677481919527e-05
3.287254003225825727e-05
3.259369623265229166e-05
3.238840508856810629e-05
3.230805668863467872e-05
3.237751661799848080e-05
3.254150942666456103e-05
3.276623101555742323e-05
3.298120645922608674e-05
3.316026050015352666e-05
3.321926851640455425e-05
3.317700611660256982e-05
3.301865945104509592e-05
3.285741695435717702e-05
3.274755727034062147e-05
3.281417957623489201e-05
3.308001760160550475e-05
3.360532718943431973e-05
3.430823562666773796e-05
3.523009218042716384e-05
3.618491609813645482e-05
3.728380397660657763e-05
3.816810931311920285e-05
3.909444421879015863e-05
3.958193337894044816e-05
4.001511479145847261e-05
3.994404323748312891e-05
3.906622441718354821e-05
3.719759843079373240e-05
3.554911017999984324e-05
3.522959377733059227e-05
3.566300802049227059e-05
3.575893788365647197e-05
3.492319956421852112e-05
3.384363662917166948e-05
3.344212018419057131e-05
3.356703018653206527e-05
3.368798206793144345e-05
3.343774733366444707e-05
3.300149546703323722e-05
3.280930832261219621e-05
3.288025254732929170e-05
3.303631092421710491e-05
3.287383151473477483e-05
3.249441215302795172e-05
3.213415402569808066e-05
3.203427331754937768e-05
3.217481207684613764e-05
3.227646084269508719e-05
3.220110374968498945e-05
3.192799340467900038e-05
3.167580507579259574e-05
3.156957609462551773e-05
3.166828901157714427e-05
3.183892840752378106e-05
3.192196891177445650e-05
3.193500015186145902e-05
3.185292371199466288e-05
3.185856985510326922e-05
3.191530413459986448e-05
3.209845090168528259e-05
3.222587838536128402e-05
3.232673770980909467e-05
3.225143882445991039e-05
3.213047966710291803e-05
3.195328463334590197e-05
3.182288128300569952e-05
3.175450183334760368e-05
3.181442662025801837e-05
3.201938670827075839e-05
3.238354111090302467e-05
3.291074244771152735e-05
3.366007877048105001e-05
3.468132126727141440e-05
3.588649997254833579e-05
3.723091504070907831e-05
3.813430521404370666e-05
3.832282163784839213e-05
3.698413274833001196e-05
3.488900256343185902e-05
3.299877425888553262e-05
3.236661359551362693e-05
3.297760122222825885e-05
3.399162960704416037e-05
3.450485382927581668e-05
3.405400275369174778e-05
3.307851147837936878e-05
3.135991937597282231e-05
3.097195440204814076e-05
3.209005080861970782e-05
3.215714968973770738e-05
3.105973883066326380e-05
3.069384183618240058e-05
3.140487388009205461e-05
3.160324558848515153e-05
3.087297955062240362e-05
3.049258884857408702e-05
3.090049358434043825e-05
3.111229671048931777e-05
3.072165782214142382e-05
3.037380702153313905e-05
3.052997999475337565e-05
3.074344931519590318e-05
3.060868039028719068e-05
3.032804488611873239e-05
3.029553045053035021e-05
3.042851858481299132e-05
3.043225297005847096e-05
3.026843296538572758e-05
3.015835136466193944e-05
3.019349969690665603e-05
3.024093348358292133e-05
3.019352698174770921e-05
3.011140142916701734e-05
3.004719292221125215e-05
3.003799065481871367e-05
3.004654718097299337e-05
3.003104939125478268e-05
2.999074240506161004e-05
2.994204805872868747e-05
2.991453766298945993e-05
2.990294524352066219e-05
2.989669519593007863e-05
2.987869083881378174e-05
2.984498496516607702e-05
2.982191654155030847e-05
2.980327008117455989e-05
2.978019801957998425e-05
2.975822280859574676e-05
2.973905247927177697e-05
2.973225673486012965e-05
2.971850881294813007e-05
2.968451917695347220e-05
2.965360363305080682e-05
2.964038867503404617e-05
2.963634142361115664e-05
2.963488805107772350e-05
2.962204780487809330e-05
2.960132587759289891e-05
2.958476943604182452e-05
2.956781281682197005e-05
2.954941010102629662e-05
2.953196781163569540e-05
2.951830538222566247e-05
2.950773523480165750e-05
2.949195368273649365e-05
2.946902350231539458e-05
2.945052619907073677e-05
2.942717037512920797e-05
2.939852493000216782e-05
2.937368481070734560e-05
2.935766679001972079e-05
2.935271004389505833e-05
2.935903285106178373e-05
2.936379314633086324e-05
2.937693534477148205e-05
2.938848228950519115e-05
2.938583020295482129e-05
2.936415876320097595e-05
2.932033203251194209e-05
2.927117202489171177e-05
2.923016472777817398e-05
2.921064697147812694e-05
2.922202111221849918e-05
2.924665204773191363e-05
2.929002221208065748e-05
2.931431845354381949e-05
2.934038820967543870e-05
2.932382631115615368e-05
2.929791298811323941e-05
2.924199361586943269e-05
2.919542566814925522e-05
2.914005926868412644e-05
2.909795330197084695e-05
2.906862391682807356e-05
2.904205575759988278e-05
2.902328742493409663e-05
2.901601692428812385e-05
2.902342930610757321e-05
2.903305721702054143e-05
2.905977271439041942e-05
2.909241629822645336e-05
2.916743869718629867e-05
2.922027306340169162e-05
2.930974733317270875e-05
2.934127041953615844e-05
2.938470242952462286e-05
2.936060263891704381e-05
2.931275412265677005e-05
2.921758095908444375e-05
2.914902324846480042e-05
2.909259455918800086e-05
2.911389856308232993e-05
2.917426536441780627e-05
2.926989691331982613e-05
2.933619907707907259e-05
2.939806108770426363e-05
2.943051367765292525e-05
2.942196078947745264e-05
2.935626253020018339e-05
2.925210719695314765e-05
2.914516335295047611e-05
2.912630043283570558e-05
2.917641359090339392e-05
2.931835479103028774e-05
2.943907929875422269e-05
2.952563227154314518e-05
2.948501605715136975e-05
2.935584052465856075e-05
2.916149787779431790e-05
2.892343218263704330e-05
2.876805774576496333e-05
2.872578079404775053e-05
2.884095556510146707e-05
2.906285226345062256e-05
2.944560401374474168e-05
2.985045284731313586e-05
3.044074583158362657e-05
3.093021223321557045e-05
3.158223989885300398e-05
3.190859570167958736e-05
3.222618761355988681e-05
3.191426003468222916e-05
3.140511398669332266e-05
3.048527469218242913e-05
2.970991590700577945e-05
2.913935895776376128e-05
2.902563210227526724e-05
2.929483162006363273e-05
2.970627247123047709e-05
3.005396320077124983e-05
2.999622665811330080e-05
2.966983265650924295e-05
2.912796480813995004e-05
2.869983472919557244e-05
2.848732947313692421e-05
2.850937380571849644e-05
2.865547685360070318e-05
2.880747888411860913e-05
2.889847201004158705e-05
2.885928915929980576e-05
2.876247890526428819e-05
2.861383109120652080e-05
2.854301783372648060e-05
2.856443279597442597e-05
2.867222247004974633e-05
2.873443008866161108e-05
2.869078161893412471e-05
2.850941200449597090e-05
2.822387978085316718e-05
2.798875357257202268e-05
2.788073288684245199e-05
2.796763146761804819e-05
2.822852547978982329e-05
2.861636676243506372e-05
2.907042653532698750e-05
2.965814383060205728e-05
3.030554216820746660e-05
3.115945946774445474e-05
3.186706089763902128e-05
3.274469418101944029e-05
3.296183422207832336e-05
3.294723865110427141e-05
3.202932930435054004e-05
3.095315696555189788e-05
2.995505565195344388e-05
2.965232488350011408e-05
3.010376531165093184e-05
3.131937410216778517e-05
3.252225724281743169e-05
3.337048474350012839e-05
3.292626570328138769e-05
3.201657455065287650e-05
3.063659460167400539e-05
3.005499638675246388e-05
3.014364301634486765e-05
3.049311089853290468e-05
3.025768455700017512e-05
2.958627737825736403e-05
2.910430157498922199e-05
2.909535578510258347e-05
2.934520489361602813e-05
2.922847306763287634e-05
2.886725451389793307e-05
2.840871093212626874e-05
2.833542384905740619e-05
2.858631705748848617e-05
2.833856524375732988e-05
2.757450420176610351e-05
2.750836756604257971e-05
2.794396277749910951e-05
2.792736813717056066e-05
2.758082518994342536e-05
2.740707532211672515e-05
2.746243444562423974e-05
2.747303551586810499e-05
2.741595017141662538e-05
2.738387775025330484e-05
2.731399035837966949e-05
2.719949407037347555e-05
2.716835115279536694e-05
2.722974022617563605e-05
2.725270678638480604e-05
2.713859066716395319e-05
2.700320692383684218e-05
2.699121250770986080e-05
2.705741098907310516e-05
2.706360282900277525e-05
2.698129901546053588e-05
2.691753979888744652e-05
2.691386907827109098e-05
2.692100315471179783e-05
2.688957465579733253e-05
2.684846913325600326e-05
2.684125502128154039e-05
2.685246909095440060e-05
2.683738784980960190e-05
2.679168210306670517e-05
2.675428186194039881e-05
2.674277675396297127e-05
2.674161805771291256e-05
2.672978189366403967e-05
2.670144567673560232e-05
2.668349407031200826e-05
2.666858381417114288e-05
2.665816646185703576e-05
2.663575651240535080e-05
2.661394864844623953e-05
2.659802521520759910e-05
2.659166239027399570e-05
2.659162055351771414e-05
2.658467019500676543e-05
2.656595825101248920e-05
2.654204399732407182e-05
2.652771581779234111e-05
2.651770410011522472e-05
2.650100759638007730e-05
2.647476139827631414e-05
2.645030326675623655e-05
2.643431616888847202e-05
2.642630533955525607e-05
2.641672836034558713e-05
2.640557977429125458e-05
2.639910962898284197e-05
2.639060767251066864e-05
2.637897887325379997e-05
2.637297802721150219e-05
2.636602403072174639e-05
2.636118188092950732e-05
2.635195414768531919e-05
2.635248165461234748e-05
2.636038698256015778e-05
2.637539000716060400e-05
2.639947888383176178e-05
2.642368781380355358e-05
2.643478364916518331e-05
2.641844548634253442e-05
2.638046498759649694e-05
2.632303039717953652e-05
2.627393405418843031e-05
2.623684667923953384e-05
2.621651947265490890e-05
2.620860686874948442e-05
2.622549982334021479e-05
2.624494118208531290e-05
2.626531750138383359e-05
2.628116817504633218e-05
2.628227048262488097e-05
2.625143497425597161e-05
2.622352803882677108e-05
2.617992504383437335e-05
2.614860022731591016e-05
2.611321178846992552e-05
2.609431248856708407e-05
2.608355862321332097e-05
2.608957947813905776e-05
2.610575575090479106e-05
2.612898970255628228e-05
2.615568519104272127e-05
2.617983409436419606e-05
2.622738975333049893e-05
2.627094363560900092e-05
2.637054967635776848e-05
2.646206485223956406e-05
2.655650860106106848e-05
2.659842903085518628e-05
2.662557744770310819e-05
2.656198921613395214e-05
2.648351619427558035e-05
2.634363590914290398e-05
2.621078965603373945e-05
2.608281829452607781e-05
2.601245796540752053e-05
2.600754851300735027e-05
2.606933230708818883e-05
2.620214763737749308e-05
2.629963091749232262e-05
2.634789598232600838e-05
2.628867878229357302e-05
2.619803854031488299e-05
2.608062095532659441e-05
2.604732435429468751e-05
2.608652175695169717e-05
2.626058994792401791e-05
2.643093466758728027e-05
2.666993350430857390e-05
2.680552461242768914e-05
2.691368899832013994e-05
2.683007733139675111e-05
2.666784530447330326e-05
2.637636134750209749e-05
2.605797271826304495e-05
2.576680890342686325e-05
2.559885433583986014e-05
2.558165579102933407e-05
2.569368371041491628e-05
2.588762254163157195e-05
2.608384420454967767e-05
2.628398578963242471e-05
2.642672188812866807e-05
2.651585418789181858e-05
2.652346483955625445e-05
2.643801235535647720e-05
2.632770883792545646e-05
2.616064011817798018e-05
2.605370718811172992e-05
2.599604158604051918e-05
2.610115734569262713e-05
2.634546399349346757e-05
2.678445889614522457e-05
2.728402614593505859e-05
2.786370168905705214e-05
2.829783807101193815e-05
2.873001722036860883e-05
2.887569280574098229e-05
2.879970998037606478e-05
2.831392885127570480e-05
2.747934195213019848e-05
2.651547583809588104e-05
2.580397995188832283e-05
2.561084875196684152e-05
2.595305704744532704e-05
2.649452835612464696e-05
2.686003244889434427e-05
2.684978062461595982e-05
2.644735104695428163e-05
2.591811062302440405e-05
2.553732701926492155e-05
2.552365913288667798e-05
2.579666215751785785e-05
2.620889972604345530e-05
2.650762326084077358e-05
2.672185473784338683e-05
2.676164513104595244e-05
2.686492734937928617e-05
2.697533091122750193e-05
2.731465792749077082e-05
2.762282383628189564e-05
2.795918771880678833e-05
2.790207145153544843e-05
2.766754005278926343e-05
2.707111343625001609e-05
2.658442099345847964e-05
2.620327177282888442e-05
2.613886135804932564e-05
2.621622115839272738e-05
2.632786527101416141e-05
2.637909528857562691e-05
2.639462945808190852e-05
2.651840623002499342e-05
2.676373151189181954e-05
2.710705666686408222e-05
2.732778011704795063e-05
2.726381171669345349e-05
2.688644781301263720e-05
2.637141005834564567e-05
2.601578125904779881e-05
2.597677848825696856e-05
2.627975663926918060e-05
2.677435622899793088e-05
2.715684968279674649e-05
2.730404594331048429e-05
2.714323636610060930e-05
2.697429590625688434e-05
2.696583214856218547e-05
2.735544694587588310e-05
