3.618399674693743157e-02
3.299644837776819634e-02
3.226350682477156090e-02
3.116063959896564484e-02
3.144450796147187782e-02
3.018213498095671452e-02
2.926738560199737549e-02
2.833353852232297146e-02
2.904483613868554318e-02
2.753236455221970760e-02
2.624431190391381466e-02
2.554990972081820286e-02
2.475006319582462311e-02
2.387242888410886013e-02
2.301451563835144043e-02
2.212010324001312256e-02
2.123837731778621674e-02
2.049458213150501251e-02
1.982069015502929688e-02
1.921090918282667911e-02
1.875548375149567806e-02
1.840143091976642609e-02
1.813210236529509342e-02
1.791431879003842556e-02
1.777768942217032230e-02
1.766214830180009090e-02
1.758203531304995335e-02
1.750515587627887726e-02
1.744749086598555363e-02
1.733604942758877956e-02
1.724371748665968693e-02
1.716657231251398838e-02
1.712213456630706787e-02
1.710297850271065914e-02
1.693694728116194523e-02
1.683328983684380734e-02
1.691094848016897953e-02
1.667819047967592991e-02
1.664841485520203793e-02
1.644616201519966125e-02
1.631779472033182896e-02
1.619014268120129788e-02
1.610589586198329926e-02
1.597130205482244492e-02
1.590424434592326366e-02
1.684762910008430481e-02
1.671286827574173725e-02
1.575114112347364426e-02
1.561487497140963930e-02
1.534185217072566408e-02
1.519782065103451353e-02
1.516499711821476561e-02
1.484476433446010012e-02
1.487669938554366487e-02
1.506333270420630831e-02
1.444428072621425051e-02
1.495794082681337935e-02
1.601438938329617298e-02
1.456415560096502304e-02
1.619088184088468552e-02
1.513515195498863798e-02
1.517588521043459517e-02
1.418475837757190126e-02
1.413172576576471329e-02
1.379568471262852293e-02
1.369791167477766615e-02
1.351227766523758513e-02
1.344747437785069090e-02
1.352088463803132433e-02
1.350622624158859253e-02
1.309044441829125029e-02
1.289599326749642748e-02
1.279210268209377867e-02
1.252736678967873198e-02
1.247705705463886261e-02
1.243417182316382784e-02
1.227939936021963697e-02
1.230273706217606920e-02
1.188045895347992521e-02
1.193232772250970262e-02
1.163845509290695190e-02
1.165155010918776136e-02
1.140080826977888685e-02
1.128174675007661241e-02
1.118819105128447157e-02
1.096836353341738325e-02
1.093866893400748629e-02
1.077673149605592150e-02
1.112837996333837509e-02
1.170338255663712877e-02
1.054743987818559069e-02
1.096539230396350283e-02
1.149630391349395174e-02
1.403683175643285173e-02
1.212118100374937057e-02
1.129627072562774080e-02
1.156852239121993441e-02
1.088228914886713028e-02
1.073858980089426041e-02
1.245479720334211927e-02
1.191648344198862654e-02
1.129810201625029188e-02
1.091318236043055910e-02
1.061117742210626602e-02
1.077602555354436296e-02
1.042192180951436419e-02
1.017014620204766649e-02
9.859076080222925129e-03
9.727500068644681988e-03
9.924508010347684803e-03
9.511479176580905914e-03
9.620031807571649551e-03
9.379204362630844116e-03
9.520794264972209930e-03
9.057103190571069717e-03
9.024867477516332684e-03
8.989761273066202221e-03
9.031325733910003720e-03
8.810316522916158619e-03
8.788747092088064136e-03
8.618961243579784451e-03
8.669330428044000683e-03
8.509612176567316055e-03
8.233805807928243695e-03
8.247184567153453827e-03
8.103087389220794620e-03
8.088375441730022430e-03
8.695532257358232556e-03
8.521206056078275623e-03
7.962345300863185940e-03
7.698385976254940033e-03
7.883471281578144016e-03
9.492034092545509338e-03
7.676887636383374243e-03
8.365951168040433941e-03
7.703086671729882269e-03
7.792647151897351236e-03
7.697134744375944138e-03
8.155985580136379184e-03
7.691048861791689902e-03
7.356571964919567108e-03
7.093923476835091620e-03
6.972580061604579001e-03
6.888741316894690485e-03
6.760516203939914703e-03
6.734266101072232218e-03
6.661211761335532160e-03
6.437142534802357645e-03
6.292359593013922663e-03
6.293763096133868189e-03
6.360017694532871246e-03
6.311542664964993506e-03
6.061863930275042563e-03
5.947897521158059149e-03
5.859931930899620056e-03
5.755694738278786630e-03
5.833854588369528742e-03
5.857105987767378778e-03
6.077411894996960669e-03
6.643830643345912008e-03
6.320560661454995184e-03
5.746804488201935797e-03
6.061501024911801309e-03
6.311814766377210617e-03
6.162436989446480780e-03
6.930344427625338526e-03
6.393641543885071783e-03
6.722226040437817574e-03
8.083043076718846379e-03
7.063405122607946396e-03
8.527574362233281136e-03
8.235693443566560745e-03
8.535628284638127269e-03
7.980532245710492134e-03
7.547308768456180601e-03
7.346598198637366295e-03
7.722958068673809080e-03
7.372181164100766182e-03
7.083540549501776695e-03
6.748612737283110619e-03
7.490509034444888144e-03
7.466029531011979074e-03
7.875888142734766006e-03
6.374451176573832541e-03
7.182984147220849991e-03
6.906784760455290766e-03
7.313876568029324503e-03
8.746943591783443508e-03
8.405899473776420536e-03
7.239503785967826843e-03
7.440564377854268045e-03
7.068574428558349609e-03
8.812675407777229367e-03
9.116787773867448749e-03
7.860286316523948727e-03
7.111780655880768805e-03
7.514884850631157846e-03
7.382857302824656458e-03
7.590191128353278131e-03
7.102154272918899565e-03
7.348763756453990936e-03
7.288605595628420801e-03
6.663206887121002168e-03
6.622060900554060936e-03
6.195003011574347525e-03
6.392778207858403235e-03
6.033195182681083679e-03
6.063254084438085556e-03
5.695075339948137312e-03
5.555275361984968185e-03
5.440531453738610239e-03
5.225258956973751097e-03
5.259040975943207741e-03
5.240783793851733208e-03
5.013195564970374107e-03
4.658610171948869734e-03
4.753685633962352781e-03
4.701400874182581902e-03
4.523764674862225561e-03
4.456008241201440782e-03
4.345325520262122154e-03
4.241549021874864607e-03
4.299565528829892187e-03
4.329366687064369230e-03
4.665092409898837118e-03
4.795012917990486116e-03
4.270167788490653038e-03
4.005587814996640177e-03
4.177465025956432314e-03
3.841335341955224528e-03
3.963455247382323236e-03
3.797548202176888928e-03
3.752995825683077321e-03
3.728077436486879840e-03
3.571774267281095042e-03
3.610714804381132126e-03
3.452411309505502238e-03
3.502992447465658188e-03
3.378919558599591255e-03
3.302245090405146136e-03
3.335102461278438568e-03
3.285102934266129985e-03
3.332181833684444427e-03
3.286263905465602875e-03
3.386703940729300037e-03
3.528354456648230553e-03
3.445929149165749550e-03
3.203188146774967656e-03
3.165857090304295077e-03
3.169778035953640938e-03
3.139135893434286118e-03
3.299814648926258087e-03
3.170511452481150627e-03
3.000280742223063960e-03
2.953289387126763806e-03
3.202510454381505504e-03
3.549074909339348331e-03
3.123433872436483846e-03
4.745812698577840834e-03
5.275317545359333067e-03
5.135363666340708733e-03
4.869855552290876417e-03
4.698817773411671610e-03
4.734018041441838236e-03
5.370874811584751100e-03
4.286609357222914696e-03
4.834512481465935707e-03
4.526908587043483763e-03
4.395893386875589399e-03
4.404531015704075785e-03
4.086712530503670664e-03
4.468532201523582430e-03
3.725354404499133572e-03
3.858703499039014325e-03
3.890974524741371617e-03
3.367782803252339363e-03
3.513872933884461865e-03
3.386390317852298274e-03
3.206780413165688515e-03
3.115955119331677899e-03
3.014732811910410867e-03
3.013067102680603519e-03
2.894752387267848000e-03
2.790799015201628208e-03
2.739076657841602817e-03
2.841438904094199195e-03
3.215889019581178680e-03
3.656966301302114978e-03
3.199602166811625018e-03
2.757273342770834908e-03
3.079247428104281425e-03
2.989767662559946523e-03
3.153214308743675694e-03
3.898437833413481712e-03
3.283699004290004716e-03
3.147633513435721397e-03
3.242246690206229687e-03
2.773490540372828498e-03
2.853882770674923911e-03
2.750473252187172427e-03
2.578123821876943111e-03
2.651624071101347461e-03
2.525017984832326427e-03
2.438777863668898597e-03
2.419942989945411682e-03
2.365130232647061348e-03
2.278769854456186295e-03
2.321951595755914702e-03
2.258708816953003407e-03
2.130289173995455251e-03
2.149295721513529763e-03
2.150095882825553417e-03
2.044559417602916703e-03
2.031757884348432078e-03
2.032430182831982627e-03
1.986213726922869682e-03
1.933944333965579741e-03
1.924792925516764395e-03
1.915298441114525073e-03
1.885188044980168343e-03
1.893284653003017180e-03
1.915779702054957621e-03
1.998349946613112941e-03
2.223851159214973450e-03
2.180147877273460374e-03
1.869467009479800932e-03
2.074741292744874954e-03
1.876788252654175036e-03
1.884066538574795001e-03
1.988689764402806759e-03
1.885086724845071561e-03
1.910524598012367957e-03
1.879419471758107417e-03
1.896851928904652596e-03
1.776181549454728835e-03
1.655563750925163500e-03
1.692520570941269398e-03
1.734140833529333346e-03
1.788740628398954868e-03
1.835842170597364433e-03
1.912114132816592925e-03
1.697083818726241589e-03
1.607719808816909790e-03
1.638624526094645262e-03
1.547948593118538387e-03
1.561821186138937943e-03
1.535683986730873585e-03
1.472958868059019320e-03
1.490972140648712642e-03
1.500826115564753540e-03
1.442920009139925241e-03
1.456287126832952030e-03
1.478889219773312337e-03
1.482748232471446269e-03
1.458022898683945410e-03
1.423467940185219049e-03
1.437089619381974213e-03
1.493449536307404511e-03
1.523260298805932276e-03
1.526449884598453767e-03
1.776608172804117203e-03
1.551112315307060950e-03
1.811990281566977501e-03
1.499680491785208456e-03
1.645028009079396725e-03
1.583825758037467725e-03
1.454453372086087935e-03
1.504527404904365540e-03
1.517485245130956173e-03
1.456500108664234407e-03
1.538525956372420065e-03
1.827381007994214766e-03
2.456290453361968055e-03
2.314493176527321339e-03
2.832548227161169052e-03
3.896042549361785397e-03
3.460141092849274621e-03
2.955627162009477615e-03
2.804168111955126271e-03
3.144918940961360931e-03
3.143138252198696136e-03
2.604455182639261231e-03
2.524097838128606334e-03
2.656874324505527959e-03
2.210098706806699290e-03
2.251956223820646748e-03
2.299744441794852271e-03
1.980657844493786349e-03
1.984374364838004112e-03
1.864144656186302431e-03
1.917472885300715692e-03
1.848328160122036934e-03
1.680267470267911680e-03
1.762573219214876421e-03
1.692197557228307002e-03
1.490956948449214227e-03
1.634333981201052666e-03
1.541898896296818979e-03
1.406943910599996574e-03
1.510669787724812753e-03
1.351363995733360522e-03
1.320023186660061352e-03
1.281623418132464163e-03
1.275110213706890814e-03
1.210110456061859853e-03
1.207357272505760193e-03
1.170238130725920200e-03
1.145368829990426772e-03
1.126368995755910873e-03
1.113660691771656275e-03
1.065929788940896518e-03
1.079704166234781272e-03
1.033745628471175902e-03
1.026031871636708505e-03
1.001017905461291544e-03
1.008628615333388321e-03
9.664360744257768357e-04
9.683594689704477787e-04
9.597507305443286896e-04
9.502749502037962639e-04
9.329117989788452423e-04
9.322228337017198765e-04
9.275891158419350422e-04
9.240497990200916565e-04
9.268615006779631340e-04
9.344674957295259201e-04
9.222465838926533497e-04
9.122777458590766156e-04
8.868858955490092075e-04
8.683403333028157913e-04
8.601465572913488114e-04
8.914096397347748280e-04
9.509920685862501824e-04
9.659357213725646698e-04
8.822466091563304627e-04
9.127939702011644840e-04
9.094561488988498485e-04
8.648517541587352753e-04
8.305873294981817043e-04
8.721549141531189644e-04
8.719024481251835823e-04
9.144139282094935215e-04
9.802656519847612309e-04
9.005573034907380378e-04
9.398418672693272793e-04
8.829699945636093616e-04
1.030898555958022602e-03
9.963441795359055924e-04
9.835890959948301315e-04
1.007985401277740724e-03
1.035722496453672647e-03
9.564070496708154678e-04
8.994449938957890236e-04
9.074111779530843460e-04
9.362348161327341831e-04
9.795618437541027141e-04
1.097576809115707874e-03
1.191916312867154605e-03
9.939240214104454445e-04
1.042655766165504925e-03
9.658112927960852421e-04
8.663360883171359337e-04
9.108744561672210693e-04
8.330790830465654171e-04
8.926670222232738769e-04
1.186980574857443571e-03
2.049652141674111142e-03
1.620375085622072220e-03
1.500181776160995238e-03
1.968023988107840076e-03
1.341667336722214944e-03
2.422772968808809772e-03
2.522992610465735197e-03
3.527782624587416649e-03
2.895928162615746260e-03
2.756759737773487821e-03
2.498069234813252940e-03
3.304984284720072999e-03
2.890373075691362367e-03
3.459361614659428596e-03
2.782796664784351840e-03
2.987843200874825463e-03
3.024533138765642896e-03
2.841382151624808564e-03
2.941998226257661834e-03
2.680583740584552288e-03
2.600889730577667699e-03
2.848184376489371061e-03
2.372494083829224110e-03
3.202455972010890498e-03
2.649922292524327979e-03
2.548092840394625917e-03
2.871472931777437673e-03
3.515701818590363011e-03
2.952572443367292628e-03
3.204061067663133144e-03
3.017468009299288049e-03
2.790937976290782437e-03
2.558603048479805245e-03
2.799384334745506301e-03
2.663017968491961703e-03
2.457475697156041861e-03
2.349799886966744914e-03
1.860276718313495390e-03
2.074534965989490495e-03
1.932599057909101248e-03
2.146121017479648337e-03
1.927167701069265604e-03
1.976953916406879678e-03
1.648969637850920432e-03
1.887259519814203255e-03
1.869386624700079434e-03
1.571403156655530207e-03
1.531330732783923619e-03
1.640283774274090998e-03
1.413983661526193149e-03
1.453346262375513785e-03
1.411415578331798315e-03
1.421343923235933058e-03
1.562744088005274534e-03
2.293765331463267550e-03
2.008219346559295907e-03
1.677648125526805646e-03
1.653242507018148899e-03
2.049604721833020449e-03
1.792944346865018137e-03
1.736426997619370692e-03
1.653696992434561253e-03
1.869915732337782853e-03
2.451916167046874762e-03
3.072884903910259261e-03
3.201538638677448034e-03
2.673168181596944585e-03
2.172915381379425526e-03
2.364134086140742049e-03
1.892882244040568597e-03
1.954225085986157403e-03
1.793494952532152407e-03
1.873318532792230375e-03
1.682991530591001041e-03
1.754140248522162437e-03
1.642498381746311910e-03
1.421357019959638588e-03
1.450880042587717302e-03
1.601607752187798493e-03
2.675982599612325430e-03
3.558476319691787019e-03
3.221239545382559299e-03
2.380190058223282442e-03
2.226243629896392569e-03
2.450429097128411279e-03
2.094116760417819023e-03
1.798806100850924850e-03
2.028908493230119348e-03
1.629266722981507652e-03
1.675385477331777341e-03
1.449346726682658069e-03
1.542508941687022574e-03
1.521839090855792165e-03
1.665735238930210471e-03
1.733702588050315850e-03
1.542154738369087450e-03
1.615472962536538713e-03
1.586301911932726629e-03
1.396552387935419805e-03
1.404978752058620326e-03
1.303564854121456616e-03
1.205607821854452364e-03
1.206936984090134501e-03
1.183941436465829611e-03
1.221178012201562524e-03
1.131644239649176598e-03
1.150448631960898638e-03
1.136589368494848483e-03
1.084756843435267680e-03
1.200127279541144841e-03
1.457238259414831870e-03
2.258796361275017262e-03
1.840320493405063875e-03
2.747005346463993192e-03
1.958036892271290078e-03
1.608900832555567153e-03
1.935939818698291905e-03
1.518436038168147206e-03
1.679029422424112685e-03
1.568665592155108921e-03
1.625950787759696372e-03
1.397709934584175475e-03
1.189658534713089466e-03
1.317124716782321460e-03
1.076835702406242490e-03
1.095136579048509471e-03
1.126124329554538004e-03
1.038976498724271781e-03
1.130588954159368999e-03
1.225069824916620977e-03
1.245079998625442386e-03
1.373702340060845017e-03
1.607123228798930771e-03
1.196058049875621922e-03
1.284032943658530712e-03
1.093607454095035791e-03
1.126028413030629284e-03
1.117466842212403886e-03
9.391457521511862314e-04
1.049564268517618306e-03
9.361084181970605886e-04
9.718888516848286354e-04
8.664007764309644699e-04
9.752819217586269343e-04
8.470089621065804994e-04
8.712322645199795925e-04
8.485155218901733196e-04
8.125190215650945902e-04
8.023616974242031574e-04
7.790176702352861202e-04
7.934858246395984924e-04
7.496234708620855844e-04
7.566728551561633384e-04
7.231029352017989123e-04
7.441743509843945503e-04
7.004376578455170357e-04
7.118576807746043169e-04
6.973364506848156452e-04
6.935279816389083862e-04
6.755939781821022070e-04
6.720585806760936975e-04
6.692193953009942806e-04
6.556714943144470453e-04
6.518262477281192577e-04
6.455120843990395105e-04
6.436077916684249675e-04
6.308257870841771364e-04
6.283920568724473679e-04
6.198629659290114677e-04
6.198435730766505003e-04
6.083924090489745140e-04
6.064497186647107565e-04
6.033335133300473654e-04
5.939656499928483999e-04
5.930986565848191941e-04
5.861241370439529419e-04
5.834014543021718300e-04
5.789156421087682247e-04
5.758987002385159695e-04
5.720846626597145832e-04
5.679080398598065340e-04
5.659379821736365557e-04
5.637581343762576580e-04
5.605851765722036362e-04
5.604373485160371029e-04
5.601476683902243412e-04
5.612292346389343703e-04
5.609106253056476152e-04
5.594372729926059282e-04
5.540703423321247101e-04
5.487528590795894825e-04
5.437471166563531124e-04
5.453838772761324680e-04
5.550336403151353562e-04
5.881229396133372820e-04
6.343662486566851175e-04
7.282874721568077803e-04
6.514806009363383055e-04
5.462005210574716330e-04
5.877290192681053913e-04
5.935772496741265059e-04
5.341996535814056432e-04
5.654030343672881162e-04
5.539700990387549364e-04
5.375108836839596069e-04
5.531435502537836993e-04
5.281029152683913708e-04
5.276005055444935596e-04
5.235149971364686525e-04
5.088186687013754881e-04
5.175964421747872865e-04
5.080033442936837673e-04
5.119346897117793560e-04
5.083893095919241869e-04
5.000470361361900604e-04
5.024507699999958277e-04
4.935793986078351736e-04
4.963317963605126107e-04
4.958940747504433358e-04
4.969708582696815693e-04
5.014668762062987053e-04
4.996015341021120548e-04
5.030494648963212967e-04
4.994783569903423750e-04
4.970948405874272549e-04
4.912984635060032570e-04
4.871445707976818085e-04
4.846183874178677797e-04
4.814980299367259127e-04
4.829743508404741865e-04
4.803493405537058729e-04
4.809794869894782883e-04
4.835068345225105864e-04
4.856298522402842659e-04
5.016216600779443979e-04
5.277296489415069783e-04
6.143565115053206682e-04
6.013691599946469069e-04
5.458834542271991932e-04
4.677074515105535406e-04
5.265654666194071734e-04
5.314122633232424295e-04
4.676967801060527563e-04
5.128128783932576215e-04
4.983495261209706104e-04
4.862660813766221386e-04
4.925746470689773560e-04
4.913222607380399740e-04
4.968850601774951184e-04
4.928243482330193484e-04
4.885958236021300518e-04
4.760314283582071644e-04
4.612992149001608473e-04
4.564999059463540894e-04
4.450403018078456503e-04
4.500565216100464445e-04
4.515311932967354673e-04
4.503198918731262106e-04
4.546156463523705620e-04
4.450207246312250513e-04
4.374689888209104538e-04
4.347015831929941791e-04
4.219668432294080835e-04
4.257708787918090820e-04
4.245913975561658722e-04
4.259046496978650671e-04
4.293361950355271679e-04
4.292541610387464184e-04
4.285536027358223814e-04
4.311532344824324232e-04
4.283859743736684322e-04
4.307594111499686855e-04
4.319900181144475937e-04
4.350423987489193678e-04
4.398798919282853603e-04
4.457176061502347571e-04
4.473435692489147186e-04
4.503969685174524784e-04
4.597946438783158678e-04
4.683071456383913755e-04
4.879162297584116459e-04
4.776737672121574301e-04
4.525719850789755583e-04
4.191205274158467668e-04
4.033324657939374447e-04
4.121593277280529159e-04
4.278508713468909264e-04
4.338690681227793115e-04
4.170685133431106806e-04
3.984248711882780176e-04
3.933908204392840284e-04
4.016502352897077799e-04
4.103858955204486847e-04
4.080686582407603842e-04
3.994645861287911552e-04
3.918087944233168978e-04
3.922078176401555538e-04
3.976282508422930855e-04
4.069734811006734949e-04
4.205352937181790489e-04
4.505213291849941015e-04
4.575620114337652922e-04
4.481719709777583498e-04
4.114037437830120325e-04
4.289123462513089180e-04
4.596617363858968019e-04
4.496619997856517452e-04
4.667536025711645502e-04
4.567885480355471373e-04
4.174205047699312550e-04
4.052791142991433722e-04
3.835232637356966734e-04
4.013587313238531351e-04
4.193425702396780252e-04
4.135874817923952955e-04
4.072788384898255449e-04
3.889545720691482407e-04
3.887457714881747961e-04
3.900515051403393167e-04
3.960175575533260721e-04
3.987169184256345034e-04
3.867969110918541569e-04
3.776750721347828525e-04
3.704497163804869038e-04
3.711398846159378868e-04
3.760104591492563486e-04
3.758113986502091271e-04
3.753351823737223762e-04
3.722938902986546177e-04
3.675608604680746794e-04
3.658006122956673485e-04
3.623676893766969442e-04
3.636875480879098177e-04
3.668844001367688179e-04
3.694004941886911970e-04
3.683146496769040823e-04
3.578182465086380821e-04
3.544389522479226011e-04
3.573213859150807243e-04
3.594262040375421625e-04
3.570214612409472466e-04
3.525155188981443644e-04
3.518492255049447399e-04
3.533191047608852386e-04
3.528400169064601082e-04
3.502716620763142723e-04
3.478923366249849218e-04
3.477222635410726070e-04
3.489347194166232962e-04
3.486963105387985706e-04
3.470355780639995951e-04
3.447420798086871523e-04
3.434181853663176298e-04
3.436904031938562971e-04
3.440229144568244797e-04
3.439804907732953447e-04
3.431011476398755926e-04
3.416319280707587618e-04
3.404605085961520672e-04
3.399473983639230150e-04
3.399660830230762380e-04
3.400181303732097149e-04
3.397979404932509047e-04
3.389730603278924841e-04
3.379408832794676405e-04
3.368421457707881927e-04
3.358894803871710914e-04
3.353271555776397568e-04
3.350146192436416763e-04
3.348631532086680514e-04
3.349774633534252644e-04
3.352692971626917702e-04
3.355515655130147934e-04
3.359958257836599964e-04
3.362505134039868730e-04
3.367439203429967165e-04
3.371568357882400173e-04
3.381202695891261101e-04
3.393194929230958223e-04
3.411867849839230198e-04
3.428426959241430145e-04
3.451953137603898662e-04
3.467700541174660307e-04
3.495421066569785458e-04
3.528979044252385515e-04
3.574038855731487274e-04
3.603610287730892319e-04
3.534647500297675711e-04
3.409149164023498875e-04
3.336386192434777635e-04
3.369203380619485992e-04
3.392605673676977736e-04
3.400812177763630766e-04
3.430219755197564942e-04
3.444720641709864140e-04
3.415051420840124470e-04
3.396468431067963261e-04
3.362228162586688995e-04
3.329578709478179794e-04
3.307491812544564587e-04
3.323600976727902889e-04
3.359893938371290583e-04
3.384814384238173384e-04
3.391120505208770615e-04
3.388462452373157126e-04
3.365094210797299761e-04
3.341361007187515497e-04
3.327870799694210291e-04
3.309854752539346796e-04
3.287854099956651348e-04
3.270641124496857506e-04
3.257155282578120810e-04
3.232918970752507448e-04
3.211353129396836144e-04
3.193346783518791199e-04
3.189058140075455290e-04
3.203936406256009954e-04
3.227926111624886412e-04
3.265757210707913023e-04
3.318031085655093193e-04
3.397768014110624790e-04
3.455849073361605406e-04
3.521723362306753975e-04
3.493945502365629059e-04
3.434465227959056515e-04
3.317394099819163662e-04
3.227828904831160921e-04
3.182581664683918339e-04
3.199832087072233540e-04
3.244322918665905613e-04
3.276628364498416763e-04
3.276418137829750776e-04
3.233641618862748146e-04
3.193657903466373682e-04
3.178320184815675020e-04
3.216055629309266806e-04
3.303680956984559876e-04
3.422088436006258112e-04
3.563535283319652081e-04
3.681529584961633068e-04
3.773389616981148720e-04
3.836374768676857334e-04
3.774168823535243851e-04
3.648824446524183136e-04
3.463326526495317799e-04
3.341435318967948538e-04
3.296060895081609488e-04
3.321336892743905205e-04
3.336828958708792925e-04
3.313364092415819746e-04
3.267730062361806631e-04
3.212330241998036522e-04
3.192086975711087567e-04
3.188091989917059559e-04
3.190282538222770077e-04
3.172950043032566887e-04
3.145922867891688961e-04
3.128674288745969534e-04
3.114982682745903730e-04
3.107190423179417849e-04
3.091736289206892252e-04
3.084967126293728930e-04
3.088196681346744299e-04
3.099066767996798140e-04
3.106082343341161627e-04
3.082146868109703064e-04
3.049283792885641438e-04
3.023269431044657844e-04
3.016381621515999418e-04
3.023895551450550556e-04
3.039907993904004675e-04
3.072202962357550859e-04
3.114332503173500299e-04
3.166904110306252855e-04
3.226246238530923742e-04
3.282695446008195299e-04
3.346667314569155556e-04
3.406967928943534511e-04
3.445637703407555819e-04
3.491398044085751158e-04
3.470038742913554293e-04
3.419801942072808743e-04
3.271835739724338055e-04
3.129413817077875137e-04
3.067199237799893004e-04
3.112237027380615473e-04
3.208230482414364815e-04
3.236411042356242555e-04
3.207718643049399239e-04
3.089796809945255518e-04
2.986080168435971123e-04
2.945032028947025537e-04
2.982727213141818661e-04
3.047078207600861788e-04
3.073701809626072645e-04
3.046693357949455398e-04
2.981763876353700775e-04
2.928042570905138868e-04
2.914961272229750770e-04
2.933575306087732315e-04
2.964661301424105781e-04
2.982767279415081125e-04
2.992406274036814588e-04
2.979190806703020948e-04
2.963563310913741589e-04
2.946092475516100544e-04
2.939200591451178175e-04
2.939506666734814644e-04
2.947178436443209648e-04
2.957346926753719467e-04
2.968466918294628281e-04
2.990503174563248772e-04
3.029390645679086447e-04
3.112061143231888431e-04
3.199327620677649975e-04
3.316970736098786014e-04
3.326489483394349795e-04
3.300422152581934947e-04
3.188078068584824783e-04
3.148517183338602203e-04
3.153385769110172987e-04
3.225596544022361618e-04
3.304243340001751798e-04
3.342531660261253697e-04
3.336067117440204006e-04
3.277531068306416273e-04
3.259846707805991173e-04
3.283527330495417118e-04
3.340294739852349144e-04
3.303297222979987842e-04
3.108793462160974741e-04
2.915077348006889224e-04
2.874222506458560806e-04
2.947032383720700759e-04
3.025850213210408706e-04
2.935883724906792063e-04
2.811060063928986770e-04
2.848314470611512661e-04
2.898152791506921071e-04
2.844724270592753905e-04
2.799941382060448509e-04
2.819201617967337370e-04
2.817048516590148211e-04
2.785514031226436478e-04
2.787229847551013213e-04
2.797636310181890744e-04
2.771544580658276695e-04
2.740231817976261359e-04
2.750896189051370007e-04
2.773400046862661839e-04
2.756494262333338279e-04
2.718878192051003557e-04
2.714724299342681784e-04
2.733353370179732460e-04
2.731919812504202127e-04
2.712766193629552740e-04
2.702972512148941737e-04
2.706703962758183479e-04
2.706056111492216587e-04
2.693875285331159830e-04
2.685518411453813314e-04
2.688246507508059162e-04
2.692997077247127891e-04
2.688258828129619360e-04
2.675967455919210929e-04
2.667523998146255630e-04
2.666935761226341128e-04
2.668699647377555388e-04
2.666163297059635502e-04
2.660111009997005445e-04
2.657080767676234245e-04
2.658405088974783999e-04
2.661732238872597796e-04
2.662795062254493255e-04
2.661759547966842669e-04
2.661341083391259295e-04
2.662609379816179293e-04
2.666660099445531946e-04
2.664967469172552228e-04
2.661043981788679957e-04
2.654759931222845930e-04
2.651072281878441572e-04
2.649445426262294072e-04
2.649502178731684703e-04
2.649752132128924131e-04
2.654335645881171209e-04
2.662362142776449341e-04
2.677238614220793229e-04
2.694795451437433380e-04
2.717003323292980772e-04
2.735692784578229171e-04
2.745233020201946479e-04
2.738500576621542555e-04
2.714304234056423288e-04
2.679142538302888292e-04
2.647825458552688360e-04
2.629614415733764750e-04
2.630294814783458728e-04
2.642231411300599575e-04
2.659736007141570431e-04
2.676697185961529613e-04
2.694612630875781178e-04
2.708247387393687981e-04
2.721115985574821812e-04
2.726160843546192032e-04
2.721540901499490124e-04
2.700270318503801841e-04
2.669957757461816072e-04
2.646454086061567068e-04
2.627398498589172959e-04
2.615103391387189609e-04
2.600656055922930259e-04
2.599143432841325980e-04
2.607727607634539586e-04
2.619322476675733924e-04
2.617689072697733659e-04
2.613778779050335288e-04
2.614554153600086588e-04
2.624474339730416554e-04
2.640213788254186511e-04
2.664877732361977118e-04
2.706147885570923668e-04
2.762392832664772868e-04
2.832342725014314055e-04
2.886827181403835434e-04
2.925512623429919463e-04
2.890260075218975544e-04
2.812918974086642265e-04
2.699197211768478155e-04
2.632678855055322069e-04
2.630796273782228249e-04
2.684852224774658680e-04
2.737242369524513501e-04
2.759984878745551091e-04
2.717878329955662471e-04
2.646642921414847356e-04
2.592424425529316068e-04
2.581925558236737865e-04
2.600613030760238749e-04
2.620393934193998575e-04
2.623023174237459898e-04
2.612148819025605917e-04
2.593340905150398612e-04
2.572491794126108289e-04
2.551898214733228087e-04
2.539430182271947283e-04
2.537065399034569842e-04
2.544952828126649243e-04
2.558387689835702199e-04
2.570717091051240581e-04
2.578416557904953939e-04
2.579796613038827795e-04
2.582176142216970342e-04
2.583492993532369715e-04
2.597569837234914303e-04
2.615741638389105779e-04
2.648950564131761771e-04
2.682171373938520569e-04
2.741023393658300060e-04
2.791331644402816892e-04
2.867273045315717477e-04
2.895516712063302416e-04
2.890842345853646416e-04
2.807428002900754231e-04
2.697759288518379313e-04
2.622373770767201799e-04
2.595185796963050961e-04
2.608960639918223023e-04
2.643501599474499804e-04
2.675703872228041291e-04
2.688957708111653906e-04
2.673724229680374265e-04
2.640483532256136519e-04
2.618288805630679113e-04
2.624365103353435975e-04
2.653881771645198446e-04
2.691083306369061452e-04
2.704085054574534297e-04
2.689242877143745440e-04
2.635694351435328704e-04
2.557639187822739464e-04
2.488481162193541545e-04
2.453756023896858096e-04
2.464277204126119614e-04
2.500885845317195040e-04
2.536121707332010251e-04
2.548098224603260738e-04
2.535397507017478347e-04
2.513450453989207745e-04
2.497460955055430532e-04
2.499787903313214761e-04
2.515627469013755339e-04
2.551228584100802559e-04
2.613929488385717255e-04
2.750877708119029981e-04
2.945776213891804218e-04
3.290993772679939866e-04
3.538837530262147206e-04
3.731574397534132004e-04
3.292614031427850145e-04
2.760347755004962105e-04
2.543403000648443717e-04
2.790961395173023325e-04
3.025885234819725156e-04
2.857560078458239454e-04
2.601343779436622876e-04
2.576778012250239831e-04
2.763998345471918583e-04
2.842138686294977683e-04
2.685847381750742775e-04
2.594810163524622899e-04
2.658619147647793275e-04
2.726196980802342296e-04
2.655127755133435130e-04
2.535334060667082667e-04
2.497113794864465612e-04
2.534170829070110935e-04
2.554411767050623894e-04
2.511778584448620677e-04
2.459232588686670047e-04
2.469783454822997433e-04
2.513437599797422868e-04
2.514644632659231442e-04
2.470916757980982643e-04
2.441271305239448854e-04
2.468525490257889032e-04
2.517767037109782118e-04
2.569356826522077304e-04
2.610090887174010277e-04
2.634263558623691219e-04
2.602875077476103920e-04
2.553760471831386107e-04
2.502380375517532229e-04
2.481580741005018353e-04
2.475107806579520124e-04
2.433028324351956537e-04
2.370086149312555790e-04
2.374627608029792616e-04
2.405305858701467514e-04
2.393844673254837683e-04
2.361765267172207525e-04
2.350987585183853814e-04
2.361043686202416727e-04
2.359235950279980898e-04
2.345593190208698222e-04
2.340973490693916967e-04
2.336515559970090696e-04
2.328909952969600847e-04
2.328216117651512316e-04
2.328747747621188471e-04
2.322793880011886358e-04
2.314206455290938327e-04
2.310769680965071014e-04
2.309774087431530067e-04
2.307143586222082376e-04
2.305260568391531706e-04
2.303106593899428844e-04
2.299850214816009095e-04
2.294766454724594951e-04
2.291753674702098063e-04
2.291339478688314557e-04
2.290649184336265019e-04
2.289126471926768711e-04
2.286213032978897384e-04
2.282908390043303370e-04
2.279020457838972500e-04
2.276727415543670365e-04
2.276598388561978936e-04
2.277405146742239594e-04
2.277126914123073220e-04
2.275551523780450225e-04
2.273751160828396678e-04
2.272196046154325297e-04
2.271691288721437165e-04
2.272468700539320707e-04
2.274245198350399733e-04
2.276483719469979405e-04
2.278188912896439433e-04
2.276788145536556840e-04
2.271835692226886749e-04
2.264075349861135176e-04
2.258302168532585195e-04
2.255264553241431713e-04
2.255715614107126901e-04
2.256740651015813062e-04
2.259102184325456619e-04
2.261985597821573326e-04
2.266353694722056389e-04
2.269481725913161942e-04
2.271641860716044903e-04
2.271182020194828510e-04
2.268489818864812544e-04
2.263115554039056012e-04
2.256890972300122091e-04
2.252189199983452848e-04
2.252877117522681662e-04
2.262496273033320904e-04
2.278884494444355369e-04
2.307280180199692556e-04
2.334434878624354890e-04
2.369436745842297962e-04
2.362928062211722136e-04
2.354163831720749447e-04
2.338088136942436388e-04
2.335268509341403842e-04
2.324175438843667507e-04
2.311972736303384015e-04
2.306058643929039529e-04
2.296989599320416740e-04
2.296202486225714377e-04
2.289407905967285326e-04
2.277566042418281147e-04
2.267432185666014841e-04
2.265675672485182592e-04
2.265205645623306343e-04
2.267157785051191756e-04
2.266386921595161250e-04
2.259931594987089345e-04
2.250498655484989285e-04
2.244474405112365791e-04
2.242019788051644871e-04
2.240501586735869357e-04
2.241806553987165382e-04
2.244776745404427341e-04
2.247788894843930909e-04
2.252533789336060575e-04
2.262326597701758146e-04
2.278808193902174541e-04
2.292957603155324766e-04
2.308882782623792598e-04
2.323905888867253968e-04
2.338836638955399394e-04
2.338883835667123488e-04
2.323957451153546572e-04
2.290805762944122246e-04
2.267148714357366255e-04
2.265998579484100053e-04
2.277070210160066774e-04
2.280914389605944446e-04
2.282384569601466349e-04
2.288398342595125148e-04
2.297542426579942396e-04
2.295761805726215243e-04
2.279579784953966737e-04
2.258117068170880368e-04
2.241427767633770993e-04
2.236258927344655088e-04
2.235435822512954473e-04
2.231749482840920398e-04
2.222831681137904525e-04
2.214546305670713475e-04
2.210930397268384695e-04
2.213621191913262010e-04
2.224663573239619443e-04
2.240652150552099040e-04
2.270878564255932877e-04
2.315721697717284253e-04
2.389604972753053001e-04
2.466405809779341203e-04
2.573498786659911275e-04
2.632961889806513804e-04
2.708464162424206734e-04
2.686123722620929462e-04
2.636318337560321075e-04
2.516567959294964689e-04
2.425959343478704402e-04
2.401982734833533475e-04
2.417843982887764862e-04
2.436340146232396364e-04
2.368797043648858955e-04
2.287562820129096508e-04
2.226461413859700254e-04
2.237948453209052393e-04
2.292918943567201495e-04
2.322606936407586029e-04
2.319064515177160501e-04
2.274285022091741273e-04
2.226539703163628867e-04
2.201957395300269127e-04
2.206330391345545650e-04
2.232185021663705418e-04
2.248199986449132273e-04
2.254041173728182912e-04
2.238012190597752640e-04
2.212096248210097262e-04
2.182888177533944538e-04
2.161818604993944457e-04
2.155714028049260378e-04
2.158377853144581029e-04
2.165326441172510386e-04
2.173283428419381380e-04
2.180770097766071558e-04
2.184488742689912608e-04
2.185719155628854939e-04
2.191100890437761852e-04
2.209011242181683490e-04
2.231731098921348742e-04
2.261370682390406728e-04
2.298057321847105929e-04
2.342331135878339410e-04
2.384567245220144680e-04
2.400593609005833575e-04
2.388088857211793372e-04
2.360065166916077426e-04
2.380949736107140779e-04
2.482441923348233104e-04
2.665988868102431297e-04
2.815701542810226661e-04
2.884813923931990880e-04
2.755486057139933109e-04
2.490382418424512130e-04
2.262074073466161797e-04
2.240913357430448225e-04
2.358571946388110518e-04
2.418696288562690309e-04
2.388631110079586506e-04
2.295240313590814760e-04
2.226797223556786776e-04
2.214686731652667215e-04
2.251790623025347879e-04
2.290871925652027130e-04
2.271274230830992171e-04
2.213314097995559284e-04
2.159954698678726861e-04
2.156636862006659219e-04
2.182837827907254389e-04
2.200207139442985347e-04
2.209831436630338430e-04
2.202205117403840116e-04
2.187641075579449534e-04
2.185119616721446225e-04
2.208505708646650025e-04
2.240613005900134733e-04
2.262221969431266189e-04
2.274540990280608246e-04
2.191996609326452017e-04
2.088259255591159156e-04
2.106915441496918508e-04
2.171106267875681230e-04
2.158218752204751065e-04
2.097648878892262867e-04
2.085206845852856925e-04
2.115234431888287356e-04
2.117922413162887096e-04
2.087010070681571960e-04
2.072106823713208148e-04
2.085117206055050185e-04
2.091573648309955904e-04
2.075020117141927192e-04
2.059102844214066863e-04
2.062342440088590077e-04
2.071503113256767392e-04
2.067825844278559089e-04
2.053794111513222167e-04
2.046722705320765665e-04
2.052004516978437612e-04
2.057807529733205745e-04
2.056258332837993810e-04
2.047765689591566631e-04
2.040970866801217198e-04
2.039854346852128795e-04
2.041399372198308417e-04
2.041656601553162029e-04
2.039735797249401519e-04
2.036951967359831026e-04
2.033692241335908482e-04
2.030652540270239115e-04
2.028859792820488504e-04
2.029417713250344089e-04
2.030660058759773681e-04
2.030816879899551561e-04
2.031283996378382137e-04
2.031065620637188265e-04
2.030730053472022125e-04
2.029433138280486157e-04
2.026127088659753492e-04
2.021839803395172051e-04
2.017781856314589670e-04
2.016059831172848651e-04
2.016000556371485284e-04
2.017127408180385828e-04
2.018279434802631447e-04
2.018556066711122701e-04
2.018363447859883308e-04
2.018977684201672673e-04
2.020379179157316685e-04
2.022008120547980070e-04
2.021753704563404033e-04
2.020528433301175544e-04
2.019331683792794654e-04
2.019390910087774107e-04
2.021144706911096880e-04
2.021653878424937436e-04
2.021329273702576756e-04
2.019572615002592495e-04
2.018266580610846570e-04
2.018518910820906451e-04
2.019572615002592495e-04
2.019216432624185988e-04
2.015463299661253980e-04
2.009459179438029817e-04
2.004386090751116565e-04
2.003047848120331764e-04
2.003753955553596309e-04
2.005662099691107869e-04
2.007914299611002207e-04
2.010957202098021814e-04
2.014797015969330975e-04
2.018991265989219239e-04
2.024076287246619752e-04
2.027986726413170406e-04
2.029715105891227722e-04
2.029039702999095032e-04
2.025382370144749591e-04
2.020162016075725266e-04
2.015704230871051550e-04
2.011699980357661843e-04
2.007739288577189138e-04
2.002481778617948294e-04
1.997550134547054768e-04
1.995405036723241210e-04
1.997767055096725532e-04
2.005117664036030480e-04
2.011817996390163898e-04
2.018228212061027595e-04
2.015496381015206286e-04
2.009345092422639421e-04
2.001157263293862343e-04
2.001508255489170551e-04
2.011834343041603854e-04
2.031739180286725452e-04
2.059779556778570107e-04
2.090258834262689045e-04
2.129472753343482903e-04
2.147936805461843899e-04
2.155405624459187099e-04
2.130632686506336024e-04
2.109093475155532360e-04
2.090571651933714747e-04
2.087769826175644994e-04
2.106462294856707165e-04
2.119133617573728254e-04
2.132946489534030268e-04
2.133055483379090735e-04
2.137625609369327715e-04
2.118685127546389988e-04
2.087158645736053586e-04
2.045789296971634030e-04
2.013515525807937077e-04
1.988346242190649202e-04
1.984398453108345559e-04
2.001782704610377550e-04
2.023472625296562910e-04
2.037381345871835947e-04
2.035848835172752449e-04
2.028783492278307676e-04
2.016427073006828716e-04
2.010606161396329692e-04
2.008141260982180545e-04
2.007681711499268720e-04
2.004782387909168908e-04
2.003806293942034245e-04
2.001700874340409944e-04
1.997774816118180752e-04
1.989807836556186369e-04
1.982479540553564736e-04
1.974121842067688704e-04
1.971817061227435777e-04
1.975826501923923781e-04
1.988974205839137146e-04
2.002995655251046112e-04
2.020162549645950487e-04
2.019468811340630054e-04
2.013933796357984254e-04
1.999759309304257324e-04
1.998774484187985370e-04
2.005351901364823273e-04
2.015153004322201014e-04
2.019351328878352949e-04
2.017534958819548199e-04
2.016052458202466369e-04
2.026573735444495985e-04
2.054421105034028581e-04
2.110921244214599422e-04
2.186155907111242414e-04
2.307523876273383787e-04
2.416358571887637088e-04
2.540912294837956447e-04
2.510590566089376807e-04
2.373188326600939035e-04
2.129324857378378510e-04
1.997157669393345714e-04
2.044419476684803674e-04
2.159513145064314297e-04
2.225630936057617357e-04
2.152650995412841439e-04
2.070778039827322057e-04
2.049924999785920075e-04
2.115424188862865260e-04
2.167657512472942472e-04
2.151786078078051498e-04
2.073597764441122702e-04
2.005873005449151090e-04
2.007027942454442382e-04
2.061094904396062186e-04
2.106488585316886595e-04
2.112738196350013307e-04
2.082866703858599067e-04
2.042890506951759169e-04
2.015439628545815656e-04
2.007788765088965586e-04
2.011866599787026644e-04
2.017903849870587298e-04
2.013269452921425393e-04
2.002105854141215393e-04
1.989209510308379838e-04
1.991904670527825663e-04
2.004111399097988913e-04
2.027248895804708293e-04
2.052454850248371652e-04
2.080268459394574165e-04
2.099085880521064094e-04
2.106006431858986616e-04
2.086210151901468635e-04
2.048652337786431024e-04
2.000982543298353842e-04
1.959595004639898828e-04
1.935366259810204217e-04
1.935532054631039500e-04
1.949515669063354442e-04
1.968671519231671998e-04
1.987099240068346262e-04
1.998698474684109381e-04
1.999331628515695623e-04
1.981742680072784424e-04
1.921497071937968424e-04
1.876152042920390675e-04
1.902343162025014469e-04
1.933274276476974198e-04
1.914356883692865661e-04
1.880699079871798465e-04
1.877928249693165132e-04
1.894420032234241655e-04
1.898625050671398640e-04
1.884626544779166579e-04
1.870401320047676563e-04
1.870904476769889304e-04
1.878694699068243215e-04
1.879269160175075224e-04
1.870903943199664354e-04
1.862063363660126925e-04
1.861814331884185383e-04
1.865519298007711768e-04
1.864986843429505825e-04
1.860302824449414918e-04
1.856121137583007505e-04
1.855894612769285747e-04
1.856172602856531739e-04
1.855240504179770657e-04
1.853543314306686232e-04
1.850917227178191236e-04
1.848528287761534163e-04
1.847214540854717204e-04
1.847178064053878188e-04
1.846809706573064038e-04
1.845417427830398083e-04
1.843725282621259400e-04
1.842866186052560806e-04
1.842576457420364022e-04
1.842395043543850473e-04
1.841967653793593338e-04
1.841407502070069313e-04
1.840503440083315065e-04
1.839831044586996147e-04
1.838910684455186129e-04
1.839082688093185425e-04
1.840366846105704615e-04
1.844039167432735273e-04
1.848677978462850144e-04
1.854321550733099291e-04
1.857317644559467742e-04
1.859598463245978048e-04
1.855572627391666174e-04
1.850728440331295133e-04
1.847188153381769946e-04
1.845859126963963202e-04
1.843640008398021171e-04
1.838499398824448296e-04
1.832816924434155226e-04
1.828559907153248787e-04
1.827129356873532227e-04
1.828550108863661596e-04
1.831443757206822345e-04
1.834448291144023249e-04
1.836094937364881328e-04
1.836792410661776951e-04
1.836625403181339213e-04
1.836489148748417786e-04
1.835755198650682876e-04
1.834303839132189751e-04
1.831366874588032654e-04
1.826979472146680048e-04
1.822660463706900766e-04
1.819398069831853202e-04
1.817175749844560930e-04
1.817836067251240304e-04
1.821487336807573745e-04
1.826112323518221667e-04
1.831158830706650922e-04
1.834991999203339219e-04
1.836673181969672441e-04
1.837463836030413797e-04
1.835677151878674915e-04
1.829596052023892692e-04
1.821877037097389409e-04
1.816449706287433794e-04
1.816064565597722837e-04
1.820154963449264476e-04
1.826324684467787454e-04
1.835736717718342850e-04
1.846822415245696902e-04
1.859103067545220256e-04
1.870295382104814053e-04
1.880455529317259789e-04
1.892429378737384984e-04
1.901577003688240954e-04
1.912885539544125488e-04
1.905672785748417088e-04
1.891069599272062471e-04
1.858268515206873417e-04
1.834397019896035483e-04
1.831993140513077378e-04
1.846979139372706413e-04
1.862147037172690034e-04
1.861623071211700728e-04
1.854930208840717962e-04
1.847882473763699243e-04
1.849617062058920571e-04
1.853404683060944080e-04
1.855586015153676271e-04
1.849865948315709829e-04
1.839426695369184017e-04
1.828025851864367723e-04
1.822032839603101304e-04
1.820667093852534890e-04
1.821390663584073475e-04
1.820991989613200137e-04
1.824109591931725451e-04
1.831945555750280619e-04
1.844175858423113823e-04
1.855720038292929530e-04
1.864583464339375496e-04
1.869352806049088547e-04
1.870365376817062497e-04
1.871931744972243905e-04
1.871720693695048401e-04
1.882225236234565666e-04
1.895455692041044524e-04
1.922326967663442185e-04
1.938710726487139770e-04
1.948290397801125953e-04
1.934250321937724948e-04
1.904192273893083045e-04
1.862067923260231903e-04
1.823354929607982346e-04
1.805340531670177886e-04
1.807251925735423872e-04
1.822043899058674863e-04
1.837002394798522285e-04
1.848288860249643615e-04
1.847735887470965674e-04
1.838574680732563138e-04
1.820172571266690800e-04
1.802602249275272182e-04
1.793146317747111031e-04
1.794123575867464235e-04
1.802333329881851962e-04
1.815497622980425665e-04
1.828009165668239286e-04
1.840216233783091018e-04
1.848623117742439201e-04
1.858334386876473734e-04
1.867870062900086334e-04
1.883584870180735895e-04
1.900768838822841644e-04
1.923630673748751572e-04
1.935277687152847648e-04
1.939245460865398338e-04
1.912884811948364070e-04
1.884983309234181950e-04
1.851561052414278099e-04
1.839394487130145142e-04
1.835900960334887198e-04
1.842094352468848228e-04
1.860885046577701876e-04
1.892820728244259953e-04
1.931532994300747821e-04
1.970188750419765711e-04
2.004046546062454581e-04
2.042821967431033561e-04
2.063550200546160340e-04
2.071309281745925546e-04
2.010095728716502497e-04
1.924587656200552890e-04
1.841475847565258452e-04
1.811712087752918312e-04
1.828173408284783363e-04
1.870696820939580509e-04
1.912556569247196028e-04
1.934518610748151848e-04
1.943626411957666278e-04
1.947186877562974980e-04
1.937086635734885931e-04
1.938714121934026480e-04
1.919286441989243031e-04
1.900010004950066498e-04
1.892358753442143491e-04
1.900569235052292636e-04
1.904106999669844815e-04
1.873066309296215484e-04
1.826290293441464594e-04
1.786524905279899547e-04
1.786196031995738456e-04
1.811244001146405935e-04
1.826102185683945724e-04
1.827121062281852058e-04
1.825258853690077952e-04
1.836995943449437618e-04
1.852133718784898520e-04
1.861032505985349417e-04
1.866856522004430583e-04
1.878289573748285481e-04
1.891178981168195605e-04
1.904851184614623496e-04
1.908729658074056199e-04
1.840911427279934287e-04
1.758610790905853203e-04
1.781448954716324806e-04
1.818246528273448348e-04
1.787628182986130407e-04
1.764523767633363605e-04
1.778781588654965162e-04
1.767829089658334851e-04
1.747498851424703905e-04
1.757116503237436125e-04
1.762761288167287996e-04
1.745170350962629011e-04
1.736043098693092754e-04
1.740842320335408142e-04
1.739065531486024550e-04
1.734661976418768457e-04
1.732859624704966852e-04
1.727916824165731668e-04
1.723746002729361346e-04
1.725908174800376007e-04
1.727069611661136150e-04
1.720256501963982889e-04
1.716354502908264688e-04
1.717673342985411575e-04
1.717185320255036065e-04
1.714869140414521098e-04
1.712710654828697443e-04
1.711807902514313748e-04
1.711098933204387715e-04
1.710223392971480796e-04
1.708324198261834681e-04
1.706645004257249245e-04
1.705845619047371140e-04
1.704667932547939411e-04
1.703453720741284481e-04
1.702951606906329682e-04
1.703526795608922839e-04
1.703823800198733807e-04
1.704714959487318993e-04
1.705297230121990135e-04
1.705480875292172125e-04
1.705233395720521519e-04
1.705538573636052599e-04
1.705328298461002698e-04
1.703316447674296796e-04
1.701246049681988946e-04
1.699436858568030009e-04
1.697303208250862947e-04
1.694604773850490740e-04
1.692274308879859746e-04
1.691673727085193089e-04
1.692762549888963410e-04
1.693902207383265188e-04
1.695125586896513990e-04
1.696770608153504720e-04
1.699549272113169143e-04
1.702925461965302536e-04
1.705669225581611106e-04
1.708198954778102627e-04
1.711503161156239519e-04
1.716849146760068834e-04
1.720968696948451391e-04
1.723708604307224444e-04
1.723069605456354627e-04
1.722753198312906018e-04
1.718369021546095610e-04
1.712053684362520865e-04
1.701251021586358547e-04
1.692849764367565513e-04
1.688082144634487638e-04
1.688376990690206578e-04
1.689444276659438917e-04
1.691055222181603312e-04
1.692647347226738930e-04
1.694335611925149867e-04
1.696406713260027179e-04
1.698531826453593960e-04
1.703049711068160832e-04
1.708872271895719162e-04
1.714030877337791026e-04
1.714900718070566654e-04
1.711461785210607043e-04
1.705912994414878479e-04
1.700484305426167855e-04
1.696404603232319066e-04
1.693233668144481787e-04
1.689973214524798095e-04
1.687866194212498674e-04
1.687487092567607760e-04
1.689270526791612217e-04
1.690874341875314713e-04
1.691231591394171119e-04
1.692033207897717664e-04
1.693596738429429540e-04
1.696843100944533944e-04
1.699375231207037875e-04
1.701536530163139105e-04
1.703640591586008668e-04
1.708810741547495127e-04
1.716305559966713190e-04
1.725624921770455846e-04
1.733290167370190313e-04
1.738173887133598328e-04
1.738236654394616774e-04
1.735962287057191133e-04
1.729990423579389760e-04
1.720435345002139518e-04
1.705823524389415979e-04
1.691613918713604501e-04
1.683081791270524263e-04
1.684828991225610086e-04
1.692093331560803047e-04
1.701371244659336814e-04
1.710513509654750517e-04
1.721144435578025877e-04
1.732619857648387551e-04
1.737995965716739586e-04
1.739357006348048738e-04
1.736305057420395315e-04
1.736071644700132310e-04
1.732496069356178334e-04
1.721360386000014842e-04
1.704469953741257480e-04
1.689408018137328327e-04
1.679775402105102846e-04
1.675751045695506036e-04
1.676412866800092161e-04
1.682331130723468959e-04
1.692488391806060979e-04
1.705767742047707149e-04
1.715984399197623134e-04
1.721120400664707115e-04
1.719859622729321411e-04
1.718708275196453026e-04
1.714324025670066476e-04
1.712048372913462511e-04
1.706336479401215911e-04
1.700331073758813152e-04
1.694050248867521593e-04
1.691268262220546603e-04
1.694731642298089871e-04
1.704863122237535724e-04
1.721938266806925246e-04
1.740163473490004829e-04
1.762483540611962387e-04
1.776482677087187767e-04
1.779867889126762748e-04
1.764626601167643973e-04
1.745025801938027143e-04
1.735114904780251375e-04
1.739946237648837268e-04
1.765894291262763152e-04
1.793414800583074400e-04
1.836977219985177210e-04
1.836996040462205717e-04
1.823807251639664173e-04
1.774118694205147615e-04
1.749269868014380336e-04
1.753982869558967650e-04
1.763610392420863202e-04
1.759753625568312994e-04
1.731980325227292785e-04
1.715295972341361055e-04
1.708529307506978512e-04
1.703144807834178209e-04
1.693432956623534271e-04
1.682185417545648822e-04
1.669683988438919187e-04
1.663061460324873617e-04
1.663473570564140966e-04
1.670007065210180888e-04
1.672600216503875861e-04
1.673049725165280113e-04
1.679399889932634839e-04
1.690296582334364364e-04
1.698711106049207440e-04
1.701331978741412452e-04
1.699084556700351247e-04
1.698476480669341981e-04
1.696375256869941950e-04
1.689359463246849766e-04
1.677497130003757775e-04
1.667029428062960505e-04
1.660177440498955548e-04
1.657407240903315535e-04
1.660489894372100541e-04
1.674021041253581643e-04
1.690718054305762053e-04
1.714426665178810647e-04
1.747876619144032309e-04
1.802452849612260768e-04
1.887545125403752020e-04
1.995281709241680801e-04
2.135358202698019734e-04
2.189566487989698937e-04
2.184590412070974708e-04
1.990026309310148069e-04
1.792742041288875043e-04
1.705198325604821155e-04
