4.478617633382479118e-02
4.309174480537573265e-02
4.335444606840610504e-02
4.117275029420852661e-02
3.994049256046613289e-02
3.949773684144020081e-02
3.835999034345149994e-02
3.786099205414453911e-02
3.708187863230705261e-02
3.689910471439361572e-02
3.568602787951628136e-02
3.467803510526815819e-02
3.383840558429559303e-02
3.297870792448520660e-02
3.211862593889236450e-02
3.115915010372797764e-02
3.019634696344534672e-02
2.923379341761271275e-02
2.830457873642444611e-02
2.738734210530916965e-02
2.641773410141468048e-02
2.548251921931902683e-02
2.448487343887488163e-02
2.351847539345423496e-02
2.247270910690228260e-02
2.149475738406181335e-02
2.069512040664752209e-02
1.975201535969972610e-02
1.893942585835854328e-02
1.825214549899101257e-02
1.763215133299430096e-02
1.721677059928576267e-02
1.697417193402846539e-02
1.730537352462609493e-02
1.642400429894526684e-02
1.744854481269915783e-02
1.609972616036732876e-02
1.647675099472204960e-02
1.559792676319678682e-02
1.562682073563337326e-02
1.537546577552954298e-02
1.526828172306219679e-02
1.500033866614103317e-02
1.469953668614228624e-02
1.494481756041447264e-02
1.445455693950255770e-02
1.428179691235224348e-02
1.425937035431464571e-02
1.425572205334901810e-02
1.390264711032311064e-02
1.380228282262881655e-02
1.413857347021500212e-02
1.348317600786685944e-02
1.347197250773509401e-02
1.322921489675839800e-02
1.277834114929040331e-02
1.275971687088410002e-02
1.270182368655999559e-02
1.266632260133822817e-02
1.241461218645175356e-02
1.203978651513656038e-02
1.188456298162539858e-02
1.157613781591256517e-02
1.139726939921577829e-02
1.131584107254942316e-02
1.097411646818121332e-02
1.104639874150355715e-02
1.076376779625813108e-02
1.048524134481946569e-02
1.024933966497580153e-02
1.008348756780227083e-02
9.854847099632024765e-03
9.876588359475135803e-03
9.465288060406843243e-03
9.372868730376163540e-03
9.610871318727731705e-03
9.242302117248376789e-03
9.348186664283275604e-03
9.079138748347759247e-03
9.157111557821432171e-03
9.305254711459079800e-03
8.955376377950111447e-03
8.791580175360044422e-03
9.891061888386806430e-03
8.985273384799560489e-03
8.960380218923091888e-03
9.923029846201339779e-03
9.857398457825183868e-03
9.062839206308126450e-03
8.678119629621505737e-03
9.006266637394825039e-03
8.734493205944696484e-03
8.514742522190013943e-03
8.144061857213577213e-03
7.776725493992368669e-03
7.735769497230648994e-03
7.545902238537867575e-03
7.450451220696170836e-03
7.320543130238850622e-03
7.254465405518810243e-03
7.182858806724349947e-03
7.135719216118256540e-03
7.691966524968544931e-03
7.264501337582866640e-03
6.831240452205141096e-03
7.153594400733709335e-03
6.703020461524526567e-03
6.703631021082401276e-03
6.601369086032112150e-03
6.568488354484240503e-03
6.522158122000594645e-03
6.410247413441538811e-03
6.433036799232165308e-03
6.472397440423567801e-03
6.491248806317647009e-03
6.110830310111244230e-03
6.155625296135743170e-03
5.962690028051535578e-03
5.964450460548202486e-03
5.800758527281383962e-03
5.746418105748792200e-03
5.653742584399878979e-03
5.570723287140329390e-03
5.455406188654403181e-03
5.419151702274878531e-03
5.301506840623915195e-03
5.214735671567420454e-03
5.154385386655728311e-03
5.046280178551872282e-03
4.979641797641913385e-03
4.890304291620850563e-03
4.818112589418888092e-03
4.793597579312820940e-03
4.915705377546449213e-03
5.317955976352095604e-03
5.361577495932579041e-03
4.986586902911464662e-03
5.571636526534954996e-03
5.872028918626408071e-03
5.738802331810195952e-03
6.358995373981694670e-03
5.536665092222392559e-03
5.634993392353256254e-03
6.452514789998531342e-03
5.619962505685786695e-03
4.946109023876488209e-03
4.858144791796803474e-03
5.511390666166941614e-03
5.992139379183451624e-03
5.048715819915135412e-03
4.615800920873880386e-03
4.735755889366070719e-03
4.348856319362918825e-03
4.287934590441484957e-03
4.193478807186086683e-03
4.004919164193172960e-03
3.875333777007957444e-03
3.887710782388845935e-03
3.707462397869676352e-03
3.589342658718427167e-03
3.562124717670182242e-03
3.397341798214862599e-03
3.333004657179117203e-03
3.254438983276486397e-03
3.200320915008584514e-03
3.224966271469990268e-03
3.130192363945146546e-03
2.948984387330710888e-03
2.890235957844803586e-03
2.857957171120991454e-03
2.893356703377018228e-03
2.954476726396630063e-03
2.781419995396087422e-03
2.638644810455540671e-03
2.625086597011735186e-03
2.486298481623331561e-03
2.479755028616636992e-03
2.377061406150460243e-03
2.332836214918643236e-03
2.268832875415682793e-03
2.241960241614530339e-03
2.164155535865575075e-03
2.135952837609996543e-03
2.068311014833549514e-03
2.029932162258774042e-03
1.974567964983483300e-03
1.947262925871958263e-03
1.900782944479336269e-03
1.862903862881163828e-03
1.832656698146214016e-03
1.798306979859868758e-03
1.762572346099962719e-03
1.738979170719782584e-03
1.705385414728273876e-03
1.678566758831341989e-03
1.650354242883622646e-03
1.614738537076239712e-03
1.587830037654687889e-03
1.559784024721011519e-03
1.541904231999069452e-03
1.519577917254840262e-03
1.504686253610998392e-03
1.489716552896425128e-03
1.494128780905157328e-03
1.477372114701817505e-03
1.446455552165086143e-03
1.415641861967742443e-03
1.404117511507744663e-03
1.366967277135699987e-03
1.359805736380318873e-03
1.339603700519849784e-03
1.315739684893439286e-03
1.305438102766250498e-03
1.280593996246655710e-03
1.275888479237134330e-03
1.259137061424553394e-03
1.247360613585139387e-03
1.240433319859827630e-03
1.240878986815611594e-03
1.228071157432471640e-03
1.201711692071209424e-03
1.185156987048685551e-03
1.176458909564341180e-03
1.173459449394916422e-03
1.167754516548787482e-03
1.166406436823308468e-03
1.158187204661468737e-03
1.123129380478834040e-03
1.101026971203585393e-03
1.092303369659930468e-03
1.087183035754909046e-03
1.069455989636480808e-03
1.064593263436108828e-03
1.063942676410079002e-03
1.057041896274313331e-03
1.042138484384243615e-03
1.018700830172747374e-03
1.012940163491293788e-03
1.002152644408245809e-03
9.897208656184375286e-04
9.897033160086721182e-04
9.747400278380761183e-04
9.755882783792912960e-04
9.826356642103444266e-04
9.860494853152583766e-04
9.636332882413020098e-04
9.319040303428968155e-04
9.395822222965458667e-04
9.410638594999909401e-04
1.014893777513255603e-03
1.154452727253859170e-03
1.142047607572749257e-03
2.422080879720548644e-03
1.664152650240187771e-03
3.361274973334123835e-03
3.271979832788929343e-03
2.200837353787695513e-03
3.572086270044868336e-03
3.864898899337276816e-03
3.561469309109573708e-03
4.393774472797910662e-03
3.624563891207799315e-03
3.487908436606327548e-03
3.361769321296984806e-03
2.759235154371708632e-03
3.125530851927275314e-03
3.282494348241016269e-03
3.030681982636451721e-03
2.893516124458983541e-03
2.598975338817884669e-03
2.581338834716007113e-03
2.487766537039230123e-03
2.859280328266322613e-03
2.719232802822565184e-03
2.376034758829822287e-03
2.394655389556040511e-03
2.311450506870945439e-03
2.118151615529010549e-03
2.074765080275634780e-03
1.940518074358503096e-03
1.886235860486825235e-03
1.816514850361272693e-03
1.821213333945100434e-03
1.753025727036098711e-03
1.670250678823019140e-03
1.626566100943212636e-03
1.543462887639179826e-03
1.527450590704878099e-03
1.506477895115191810e-03
1.447474089218303561e-03
1.396788041650627978e-03
1.373712701024487615e-03
1.357666866776223056e-03
1.325991780807574518e-03
1.338786251532534831e-03
1.323561116199319489e-03
1.283935998799279332e-03
1.207170629641041160e-03
1.199657252679268591e-03
1.187008427223190665e-03
1.136947529933725722e-03
1.137925244014089234e-03
1.108444354031234980e-03
1.084712363081052899e-03
1.075626186017567985e-03
1.048038141258681886e-03
1.030907393821204774e-03
1.014647185608434253e-03
9.996134710187714028e-04
9.759215026861056685e-04
9.663245873525738716e-04
9.545964567223563790e-04
9.451830458904927337e-04
9.255495921631032860e-04
9.198796178679913282e-04
9.012604714371263981e-04
8.894325583241879940e-04
8.718830552728226149e-04
8.594131262119238937e-04
8.466965373372659087e-04
8.363541176853080952e-04
8.224982205623140299e-04
8.130364197616776192e-04
8.024982089409604669e-04
7.925498551533868277e-04
7.813759439159184694e-04
7.687220252895107233e-04
7.573004404548555613e-04
7.472097737869868314e-04
7.356700662057846785e-04
7.269246319386487567e-04
7.188297652949889862e-04
7.101680433455234134e-04
7.032857344408208764e-04
6.952905872215827668e-04
6.873533566249534488e-04
6.791003349159533417e-04
6.719353599085783326e-04
6.654448225162923336e-04
6.595217370583364999e-04
6.539852038258686662e-04
6.490378485371669495e-04
6.440232973545789719e-04
6.410852559686949217e-04
6.412552029360085726e-04
6.473751370018968618e-04
6.598598653605828321e-04
6.682705764736359679e-04
6.631323000571379698e-04
6.454516066393504179e-04
6.121370921997973955e-04
6.056961428839713335e-04
6.064579696006452405e-04
5.882782764577617609e-04
5.831285525346174836e-04
5.821032294382652008e-04
5.692905494167158640e-04
5.691932650127758944e-04
5.673613486578688025e-04
5.591339722741395235e-04
5.553204100579023361e-04
5.473388397755721843e-04
5.455153101744750774e-04
5.411373276729136705e-04
5.356023708979288376e-04
5.301434139255434275e-04
5.231043081342553460e-04
5.209335358813405037e-04
5.155188652376333511e-04
5.108042193266252315e-04
5.071521057592084372e-04
5.016328116956477725e-04
4.995596730926384890e-04
4.960739897796884179e-04
4.934811343749364579e-04
4.906869047166159117e-04
4.880282795056700706e-04
4.873655804355318528e-04
4.859141869625697714e-04
4.841533130578075665e-04
4.826989267409468871e-04
4.776449835238357204e-04
4.728147614514455199e-04
4.698001430369913578e-04
4.706210747826844454e-04
4.725931745876247865e-04
4.728634958155453205e-04
4.730571624046812636e-04
4.694648475075761658e-04
4.603066675675411838e-04
4.481275245780125260e-04
4.433846673540149945e-04
4.447983762171740514e-04
4.431573421849558931e-04
4.354100480365256649e-04
4.304473550291731954e-04
4.330484468179444653e-04
4.360460540434966665e-04
4.344350018072873354e-04
4.290426489509021062e-04
4.228491452522575855e-04
4.098674689885228872e-04
4.052715764070550781e-04
4.098925467890997547e-04
4.033201694255694747e-04
3.963123745052143931e-04
3.990765690105035901e-04
3.953848984868575949e-04
3.891306114383041859e-04
3.899601142620667815e-04
3.872226467744137031e-04
3.819460641049469691e-04
3.812426390747229439e-04
3.786645538639277220e-04
3.743732716732968706e-04
3.736573319959764499e-04
3.711746539920568466e-04
3.670553802900637370e-04
3.655130470482011455e-04
3.631012368714436889e-04
3.594163184364636558e-04
3.574425742651025635e-04
3.554793802322819829e-04
3.527356699729959351e-04
3.511304239509627223e-04
3.493363862313951236e-04
3.469845833024010062e-04
3.452205079762886149e-04
3.436935512581840158e-04
3.412028114932278973e-04
3.388819556372861248e-04
3.360181435709819198e-04
3.328590052357564551e-04
3.299355157651007175e-04
3.280481178080663085e-04
3.268042394968991298e-04
3.255404784188916105e-04
3.242899401811882854e-04
3.229511057725176215e-04
3.213508219535772818e-04
3.196817997377365828e-04
3.184725937899202108e-04
3.172968669484059197e-04
3.160316118737682700e-04
3.147507522953674197e-04
3.133763481552402359e-04
3.118634679897998589e-04
3.103218332398682833e-04
3.087081713601946831e-04
3.071884857490658760e-04
3.058082268883784431e-04
3.046494336255515796e-04
3.036476312748466748e-04
3.029021172551438212e-04
3.022386566347752828e-04
3.016667518143852371e-04
3.013752915042762774e-04
3.011735243489965796e-04
3.011008326817924958e-04
3.007801472752665299e-04
3.004566048427174669e-04
2.993510085313270670e-04
2.982746324657152277e-04
2.967489029591282028e-04
2.956271200673654675e-04
2.946754975710064173e-04
2.938636122659469825e-04
2.928029086130360943e-04
2.911557433738683480e-04
2.890554411957661492e-04
2.872896875487640500e-04
2.862995024770498276e-04
2.855665370589122176e-04
2.845702110789716244e-04
2.835901007832338232e-04
2.826330795263250488e-04
2.818838450669621247e-04
2.814166024715329391e-04
2.810757917662461418e-04
2.804222895065322518e-04
2.793247792093704325e-04
2.781725343083962798e-04
2.771691652014851570e-04
2.766403534527246970e-04
2.766060642898082733e-04
2.770706778392195702e-04
2.776565573488672394e-04
2.782619412755593657e-04
2.783343079499900341e-04
2.779939968604594469e-04
2.763968223007395864e-04
2.739599731285125017e-04
2.709328255150467157e-04
2.693975062963242513e-04
2.699868346098810434e-04
2.714114671107381582e-04
2.710475188602383119e-04
2.681494127803792375e-04
2.647953903457770926e-04
2.632067141045505983e-04
2.635796311854695100e-04
2.639827240879337174e-04
2.639323599093283397e-04
2.635796069322774988e-04
2.642409672262147069e-04
2.648532245075330138e-04
2.658454808018480557e-04
2.643096862205614466e-04
2.616577500399823171e-04
2.579499171891559976e-04
2.558849810156971216e-04
2.561287498489643317e-04
2.573417975024009925e-04
2.578434990330909509e-04
2.568713971413671970e-04
2.556498414681603330e-04
2.550942396434645039e-04
2.553671268591036219e-04
2.550723002059385180e-04
2.542906149756163359e-04
2.527546263687933665e-04
2.515294569699714762e-04
2.505112788639962673e-04
2.497710471895213109e-04
2.498942048987373710e-04
2.507634975093727130e-04
2.532827881320069414e-04
2.570362266851589084e-04
2.614378220944975633e-04
2.639416149274135810e-04
2.625340615243961233e-04
2.566581533756107092e-04
2.533243484018991572e-04
2.518999390304088593e-04
2.471527113812044263e-04
2.423944436789800814e-04
2.412768905439103553e-04
2.435491672561814478e-04
2.425609515436614463e-04
2.388962602708488703e-04
2.384460773707056949e-04
2.401581684049839684e-04
2.392292760002116272e-04
2.365196705795824528e-04
2.353937985996405193e-04
2.355852532976617506e-04
2.344683016417548060e-04
2.338229581558456114e-04
2.341471457233031681e-04
2.356760912031556079e-04
2.358943408277506539e-04
2.368833423436929873e-04
2.363120535543809244e-04
2.364133057805399010e-04
2.360568469157442451e-04
2.380460694742699555e-04
2.398125604183102557e-04
2.381397304513181159e-04
2.319940055410067150e-04
2.266955222391212890e-04
2.254733165803675941e-04
2.277656070267160824e-04
2.293779543833807111e-04
2.270317975974952272e-04
2.236292251230528048e-04
2.227026513234401652e-04
2.246030489914119244e-04
2.258038584841415286e-04
2.251497450439880201e-04
2.243227936560288072e-04
2.250995991441110680e-04
2.260852585701892683e-04
2.266829445337255886e-04
2.263036585645750165e-04
2.257096396836762717e-04
2.248578045206765243e-04
2.230378740932792425e-04
2.196834927114347526e-04
2.162466262234374881e-04
2.160527656087651849e-04
2.185252718239401868e-04
2.214247360825538635e-04
2.231092463868359634e-04
2.252772198213885137e-04
2.285912632942199707e-04
2.318662591278553009e-04
2.286320668645203114e-04
2.219230518676340580e-04
2.147645379106203625e-04
2.106932903795192549e-04
2.116910812522595218e-04
2.142006317929675272e-04
2.141852795224016002e-04
2.121084738367547682e-04
2.107053539172435710e-04
2.103406441165134311e-04
2.090635559094759235e-04
2.074851945508271456e-04
2.070720074698328972e-04
2.066185819179130188e-04
2.057555393548682332e-04
2.037257048262593737e-04
2.022901317104697227e-04
2.023152846959419549e-04
2.021528950232701907e-04
2.013683818707553139e-04
2.004581207681136736e-04
2.001209916973797074e-04
1.997046783799305558e-04
1.990624320266457805e-04
1.985457784030586481e-04
1.982289347021529982e-04
1.978939132338079223e-04
1.971889044701432279e-04
1.964610710274428129e-04
1.961080876450675139e-04
1.959400057482222626e-04
1.956787915939154634e-04
1.951038138940930367e-04
1.944728865055367351e-04
1.940152748526694784e-04
1.937765555339865386e-04
1.935534916507700989e-04
1.931359414205265632e-04
1.926472274741778681e-04
1.923168310895562172e-04
1.921178506260427246e-04
1.919273830329378536e-04
1.916639375849626958e-04
1.913554103036100575e-04
1.909988738285998413e-04
1.905967073980718851e-04
1.902292545613211980e-04
1.898787256019810745e-04
1.894823265805219701e-04
1.890498630624885270e-04
1.886497290494541237e-04
1.883203852533673337e-04
1.880790781190929404e-04
1.878635691051992187e-04
1.875698314203570196e-04
1.872440213143515000e-04
1.869574310452056518e-04
1.868554803271157137e-04
1.868703305566062620e-04
1.869006785758150211e-04
1.868336039478890598e-04
1.867293516018738440e-04
1.865972614420267353e-04
1.864817628908591875e-04
1.860904934195180824e-04
1.855091541074216366e-04
1.847968887886963785e-04
1.842618779240486613e-04
1.840082598694910696e-04
1.840340313113605073e-04
1.841626678166600475e-04
1.842273025734660616e-04
1.841508928919211030e-04
1.838264555165854683e-04
1.833616891720642737e-04
1.827700519546245626e-04
1.822388536917666504e-04
1.817602509011825016e-04
1.814680605699929008e-04
1.812633102720913878e-04
1.810231745669928780e-04
1.807094522519037127e-04
1.803998675313778222e-04
1.801156128446260998e-04
1.799747042241506279e-04
1.799087015873131743e-04
1.802490005502477288e-04
1.808661011940178862e-04
1.818921082303859293e-04
1.830189163835408697e-04
1.840112405867936620e-04
1.835717727468969831e-04
1.820603744514907309e-04
1.810061924819213739e-04
1.808918508080144814e-04
1.806008634351504436e-04
1.805971405701711774e-04
1.805495242782247654e-04
1.797864485221604416e-04
1.787883447832427919e-04
1.784298898807416269e-04
1.787791503981376597e-04
1.789494029556711605e-04
1.780636909340197751e-04
1.763386947762531629e-04
1.743129372092274418e-04
1.732111923047341406e-04
1.734086375411910406e-04
1.741124263692957750e-04
1.745890525247280887e-04
1.748083620138155827e-04
1.748126014717854559e-04
1.750184577152443519e-04
1.755506576349337986e-04
1.765315391821786761e-04
1.775134272368935338e-04
1.786135180736891925e-04
1.797840838359358320e-04
1.810617662461785069e-04
1.812324820396800926e-04
1.802272866674078098e-04
1.781541650416329503e-04
1.766417408362030983e-04
1.756276736462799302e-04
1.742598154426862886e-04
1.728314722034459403e-04
1.721393976671000412e-04
1.723283882408092329e-04
1.725016506194757828e-04
1.723059467622078955e-04
1.720683721941895783e-04
1.722161299160992196e-04
1.722857365772748897e-04
1.715023657501054397e-04
1.694473685347475111e-04
1.675122839515097439e-04
1.667162456821339735e-04
1.671827485552057624e-04
1.678057111954937288e-04
1.680750501691363752e-04
1.679148845141753554e-04
1.678680224965015957e-04
1.682416162414786807e-04
1.683035394914137730e-04
1.679316822749873093e-04
1.671155114308930933e-04
1.665722326530764410e-04
1.666054328476699600e-04
1.673334287867570826e-04
1.682130969129502773e-04
1.692352258639099607e-04
1.704116657492704690e-04
1.718061563830512175e-04
1.742693614990760973e-04
1.767322925540308067e-04
1.799310217999542663e-04
1.805799693102017045e-04
1.795281471762185386e-04
1.751314727395462403e-04
1.746489676103616664e-04
1.766817731549963355e-04
1.770269324576171646e-04
1.735748034358645389e-04
1.708277607879911950e-04
1.715548714855685830e-04
1.709741215260388860e-04
1.687932235654443502e-04
1.683958204618344614e-04
1.693230806267820299e-04
1.695085835914748320e-04
1.671261197770945728e-04
1.653131330385804176e-04
1.650203654814201006e-04
1.668156716429317901e-04
1.679849835151495943e-04
1.669396224315278232e-04
1.633182861648189434e-04
1.605597887343416521e-04
1.604528806637972593e-04
1.609949734605227998e-04
1.601709300302900374e-04
1.587583853203492770e-04
1.587893081402095565e-04
1.596512083779089153e-04
1.594325270464954367e-04
1.585342373194483510e-04
1.580006210133433342e-04
1.573945992277003825e-04
1.571875400259159505e-04
1.578611457565178564e-04
1.584772714219676861e-04
1.588527981463509211e-04
1.599310853634960949e-04
1.620228528433168837e-04
1.647871710398855218e-04
1.676773341993490765e-04
1.682612686029945901e-04
1.669065968599170446e-04
1.623214363159301290e-04
1.607647451843755850e-04
1.623145847891767910e-04
1.624078189100449374e-04
1.588646240027931920e-04
1.556273176295993319e-04
1.565863834305976918e-04
1.577004804858006537e-04
1.570960763880672464e-04
1.568815253752594283e-04
1.575657612799356291e-04
1.564328485983423889e-04
1.551693567307665944e-04
1.549297012388706207e-04
1.546367202536202967e-04
1.534537538342798659e-04
1.530565399055679730e-04
1.518114877399057150e-04
1.498720060529497853e-04
1.496037778755029133e-04
1.500311554991640151e-04
1.496930126450024545e-04
1.489308318317247024e-04
1.483846256936279526e-04
1.481316115435523382e-04
1.481112776673398912e-04
1.478035555919632316e-04
1.472415582005245081e-04
1.471363405774658015e-04
1.471526411478407681e-04
1.468329816513384292e-04
1.465555033064447343e-04
1.464205318673824361e-04
1.463314207891623089e-04
1.461619516097319713e-04
1.458636470488272607e-04
1.455604409178098133e-04
1.452838017333609453e-04
1.451125499443151057e-04
1.448244681038583228e-04
1.444377388300684681e-04
1.441320855519734323e-04
1.439192637917585671e-04
1.437015065069620898e-04
1.434906055995573690e-04
1.432610079064033926e-04
1.431099760035673687e-04
1.430288684787228703e-04
1.428526253827537009e-04
1.426631691477572015e-04
1.425708954532941273e-04
1.425622904207557440e-04
1.425347121160787931e-04
1.425042889119746694e-04
1.426025361676389882e-04
1.429704522403577873e-04
1.436610982636921108e-04
1.445384696125984192e-04
1.456628087908029556e-04
1.461627907701767981e-04
1.462446889490820467e-04
1.448798842223671666e-04
1.428077642534238687e-04
1.412322987259055087e-04
1.414878715877421200e-04
1.424353079831538191e-04
1.426682792953215539e-04
1.418149840901605785e-04
1.408318081909480104e-04
1.405443108524195850e-04
1.409713101262847492e-04
1.413644010123486230e-04
1.411308985552750528e-04
1.405018871688904771e-04
1.400965605474387696e-04
1.400613618898205459e-04
1.401541837064238796e-04
1.398144352909488073e-04
1.390441126811007568e-04
1.383417281128155598e-04
1.381816885744532040e-04
1.384600545861758292e-04
1.387185669348885706e-04
1.388646608878237596e-04
1.389689108085197797e-04
1.391965779475867748e-04
1.394908783064844617e-04
1.396655473702897718e-04
1.397378922168475977e-04
1.393133740445288429e-04
1.388897192858470073e-04
1.383361838331135520e-04
1.381931579089723527e-04
1.382202244712971151e-04
1.388283368820945332e-04
1.395671036637698701e-04
1.406173008338858774e-04
1.411203047609888017e-04
1.412897181580774486e-04
1.404739183878215560e-04
1.391805562889203429e-04
1.378332211364371172e-04
1.369555781517798612e-04
1.373561244690790772e-04
1.385252495917181084e-04
1.394897772115655243e-04
1.393777638440951705e-04
1.385092182317748666e-04
1.372143839641163656e-04
1.362473655414457032e-04
1.357852573467729083e-04
1.358331210212782025e-04
1.359242087346501648e-04
1.359970847261138260e-04
1.361308774600426266e-04
1.366068439286512724e-04
1.370533815740297148e-04
1.376695266420332184e-04
1.380864268867298961e-04
1.389149256283417344e-04
1.387614732569394103e-04
1.380955242590668210e-04
1.362134571536444128e-04
1.342664545518346131e-04
1.334246505090656290e-04
1.341202029531511077e-04
1.352586429372119317e-04
1.354858419896724233e-04
1.347776002755078086e-04
1.334959403417693982e-04
1.325807825196534395e-04
1.324357823856795737e-04
1.329646717446545669e-04
1.337130282384653977e-04
1.342764395910004684e-04
1.344254318003853252e-04
1.342947847054650477e-04
1.339537169163425854e-04
1.338178408332169056e-04
1.337512270159398606e-04
1.338551495185432425e-04
1.341605263102489123e-04
1.348613853527543536e-04
1.358238490259585372e-04
1.364928733285827032e-04
1.365467323921620846e-04
1.354052389312224993e-04
1.343953166118202200e-04
1.332915780949406326e-04
1.331345799068609783e-04
1.332025713054463267e-04
1.340541202807798982e-04
1.349682182384034088e-04
1.356489907872552583e-04
1.353629049845039845e-04
1.337744639992403397e-04
1.317756032221950591e-04
1.306755705930603138e-04
1.312459256344785383e-04
1.324383047176524997e-04
1.330868738781040004e-04
1.321872672027287474e-04
1.305666883126832545e-04
1.292930392082780600e-04
1.290096600617592624e-04
1.295839174417778850e-04
1.305315430120875528e-04
1.320310911978594959e-04
1.341035094810649753e-04
1.366421808294641385e-04
1.385835469894421688e-04
1.386111835017800331e-04
1.364576285898995987e-04
1.350988871611965290e-04
1.355209290826072386e-04
1.362646823205674598e-04
1.337554519219944784e-04
1.299960737621101150e-04
1.282615994568914175e-04
1.292156448471359909e-04
1.305380719713866711e-04
1.299675762614545813e-04
1.288619605475105345e-04
1.282838663125100145e-04
1.279791298050743929e-04
1.279962816624902189e-04
1.281942362159801117e-04
1.296135669690556824e-04
1.309760652172068664e-04
1.314157343585975468e-04
1.309061093100657156e-04
1.307626492537868610e-04
1.319961666013114154e-04
1.332987570397866359e-04
1.342304167337715626e-04
1.333345668778444240e-04
1.329636361333541572e-04
1.330659821784744570e-04
1.350483071291819215e-04
1.399944279304084769e-04
1.418499596184119582e-04
1.403803689754568040e-04
1.336595717778739920e-04
1.303454749480200401e-04
1.327067438978701830e-04
1.341931153244028398e-04
1.335301567451097071e-04
1.326137644355185330e-04
1.321270926079402277e-04
1.318715925056797853e-04
1.287562748378453246e-04
1.257305824159023753e-04
1.261353269607449481e-04
1.277423095113287279e-04
1.272927571941787908e-04
1.259176763899934879e-04
1.254133482386047551e-04
1.231866335729137063e-04
1.215541584921690370e-04
1.220080957864411175e-04
1.216456803376786411e-04
1.215401158939736630e-04
1.214028476776244785e-04
1.201277070019083764e-04
1.198294339701533318e-04
1.203274902460786249e-04
1.200773428233029987e-04
1.194687404980262075e-04
1.190632901852950454e-04
1.188808673759922385e-04
1.188408568850718439e-04
1.187448724522255361e-04
1.184503295614073719e-04
1.180895730309809293e-04
1.179554771321515287e-04
1.178686870844103396e-04
1.176799487438984215e-04
1.175562550391380940e-04
1.173362179542891681e-04
1.171277375154507612e-04
1.171222368914944385e-04
1.170331815956160426e-04
1.167973993384900238e-04
1.166587220116828834e-04
1.165330031653866172e-04
1.163859027049814616e-04
1.162935708028574739e-04
1.162557625017749812e-04
1.162048210971988738e-04
1.161502223112620413e-04
1.160581159638240933e-04
1.159095724384921338e-04
1.157904844149015844e-04
1.157289152615703642e-04
1.157046353910118341e-04
1.156715128066328619e-04
1.155922727775759995e-04
1.155402739338266398e-04
1.155104910139925778e-04
1.154731507995165884e-04
1.154815084494960760e-04
1.155178470071405172e-04
1.156513899331912398e-04
1.155572002365564261e-04
1.153733974206261337e-04
1.150215418116810466e-04
1.146690822982539688e-04
1.144048704494101261e-04
1.143762541081135426e-04
1.145360317120018150e-04
1.147487176543412064e-04
1.148827238163600410e-04
1.149238159996457398e-04
1.149316255274849679e-04
1.149338834996645604e-04
1.149275388646249925e-04
1.148646139578583385e-04
1.146879367297515273e-04
1.144422955500582899e-04
1.140828341400871719e-04
1.136818512653311048e-04
1.133446470097017740e-04
1.132106748021518146e-04
1.132894176407717168e-04
1.134758907331464146e-04
1.135717975557781756e-04
1.135124863746265615e-04
1.133321081094133402e-04
1.131079358553203489e-04
1.128979395919789825e-04
1.127870297447467889e-04
1.127164384039739813e-04
1.127183447048688973e-04
1.127742968189219679e-04
1.128837393480353057e-04
1.130624417176780556e-04
1.133668532323402618e-04
1.137681198694432820e-04
1.141452958108857274e-04
1.146997965406626463e-04
1.148397010789873745e-04
1.148967082068945016e-04
1.139024364723203038e-04
1.124720147345215082e-04
1.113545998426464652e-04
1.111936071538366377e-04
1.117798650132802580e-04
1.125713509585087453e-04
1.131756337902819072e-04
1.134810954681597650e-04
1.135001657530665398e-04
1.133496965242860173e-04
1.130138747006033812e-04
1.126641679244736876e-04
1.122353229826937164e-04
1.119913649745285511e-04
1.117500432883389294e-04
1.118360693605306293e-04
1.120205852203071117e-04
1.122251414926722646e-04
1.119858109935497199e-04
1.116784042096696794e-04
1.119178899292213176e-04
1.125039173833404933e-04
1.129110823967494071e-04
1.126638211038274024e-04
1.117391390531944777e-04
1.106551668878334309e-04
1.100142253562808037e-04
1.099770840179796065e-04
1.104040299348222758e-04
1.108905295647370364e-04
1.111565215978771448e-04
1.112230917594085182e-04
1.109710283344611526e-04
1.108013457269407809e-04
1.104648448138808166e-04
1.102625925947601642e-04
1.100611480069346726e-04
1.103225707386930738e-04
1.110300266494353567e-04
1.119536755140870810e-04
1.127959015623976742e-04
1.132900530744033600e-04
1.131789661788692032e-04
1.124711440449270155e-04
1.115928365228076731e-04
1.117212038176755156e-04
1.131354874814860523e-04
1.156798292261858736e-04
1.176649069141906951e-04
1.176947747201969181e-04
1.147714574472047389e-04
1.109857742752258931e-04
1.096020302308412935e-04
1.104043015705731963e-04
1.105381573628013288e-04
1.093777924931297745e-04
1.087973772276503299e-04
1.095756088034249842e-04
1.098314411744164969e-04
1.091702094223971213e-04
1.087349034302557553e-04
1.096470004995353520e-04
1.107282805605791509e-04
1.110059965867549181e-04
1.103088046268870388e-04
1.099838045774959028e-04
1.104240703474109326e-04
1.115746611806874429e-04
1.126232649160859440e-04
1.130249996397954677e-04
1.131693134084343910e-04
1.133099964742238368e-04
1.141353835312960003e-04
1.159802777692675591e-04
1.181960324174724519e-04
1.194043531237791027e-04
1.166633810498751700e-04
1.119199878303334117e-04
1.109409592269609417e-04
1.136006443023992036e-04
1.147538496297784150e-04
1.117329423626263891e-04
1.096443714535174225e-04
1.102287230120661403e-04
1.100805554112109090e-04
1.087523414753377438e-04
1.086296445767705594e-04
1.094462447023640121e-04
1.099950289547753786e-04
1.096531220052080895e-04
1.101336432232831870e-04
1.106761531749119316e-04
1.102376530373779391e-04
1.084092485446793292e-04
1.065742617356590927e-04
1.056916977783354665e-04
1.055227985489182174e-04
1.061163978495945488e-04
1.072410668712109327e-04
1.080171302116165604e-04
1.083803484410357927e-04
1.090649044878470446e-04
1.127079570627150391e-04
1.199839437807289217e-04
1.332313501431296179e-04
1.413866824198824754e-04
1.436286329408176243e-04
1.198366856745754634e-04
1.155770078185014427e-04
1.269240407661224315e-04
1.159328312496654689e-04
1.169132180317925955e-04
1.172732130119887446e-04
1.114788926012503649e-04
1.141036506548213507e-04
1.090209286000269200e-04
1.091050192674932335e-04
1.067984024606024180e-04
1.087254471106765126e-04
1.064498574123717844e-04
1.067265596551199709e-04
1.050729236643140470e-04
1.067394987330771983e-04
1.084798520120481695e-04
1.154551306778254653e-04
1.258190071287875465e-04
1.340821060390832433e-04
1.153607154265046120e-04
1.126751206660022293e-04
1.132530693818504657e-04
1.091393229823249127e-04
1.108537787028277959e-04
1.072992066231866632e-04
1.090315733260164703e-04
1.054301343780631866e-04
1.086455279922423218e-04
1.132098865734102870e-04
1.306807995812656888e-04
1.937106014035331616e-04
2.119371905185592762e-04
1.236941510190566471e-04
1.566168478651282778e-04
1.546061879101519874e-04
1.931574928069797745e-04
2.183580484900934091e-04
3.087545240608354229e-04
1.862707504187710583e-04
1.813966810004785657e-04
2.663349102173621637e-04
2.375174566016843012e-04
2.294092652543137381e-04
2.345229004276916385e-04
2.153899671005395642e-04
2.471259722369723022e-04
2.370555497085054806e-04
2.075004643605401209e-04
1.757626232574693859e-04
2.024045412933143386e-04
1.766630036096709380e-04
1.730917841390085807e-04
1.603653969747635135e-04
1.551567353696251819e-04
1.520989899290725589e-04
1.493764042000596812e-04
1.430350384907796979e-04
1.379735452549842587e-04
1.380409157718531787e-04
1.321361681524043372e-04
1.346962235402315855e-04
1.257012093750139168e-04
1.256749892490915954e-04
1.222700278352325252e-04
1.224671771827464393e-04
1.187437058736880575e-04
1.177384910988621414e-04
1.145442365668714046e-04
1.167778803695303653e-04
1.130992289593753670e-04
1.121831616425576355e-04
1.107670541387051344e-04
1.111793026211671531e-04
1.095488235781279658e-04
1.087731046330494140e-04
1.071039757031636979e-04
1.067525736289098859e-04
1.061870643752627075e-04
1.051447834470309317e-04
1.043734373524785042e-04
1.045815103376905169e-04
1.039543640217743814e-04
1.033335550649401997e-04
1.032018117257393897e-04
1.028293384782349025e-04
1.022974562753612842e-04
1.020342509339873944e-04
1.015944823545093383e-04
1.012285938486456871e-04
1.012031934806145728e-04
1.010874257190153003e-04
1.007888204185292125e-04
1.008487670333124697e-04
1.008914065702507938e-04
1.005528829409740865e-04
1.002986900857649744e-04
9.974399047981326327e-05
9.907920320983976126e-05
9.872686981301133380e-05
9.866403706837445498e-05
9.863337375766907677e-05
9.882934440004949317e-05
9.898395122339327678e-05
9.900562872644513845e-05
9.872830802729974642e-05
9.840368390238533869e-05
9.781874299126987204e-05
9.731710936951760993e-05
9.700016865584377989e-05
9.697306813905015588e-05
9.713841185051326499e-05
9.740569657878950238e-05
9.774126374395564198e-05
9.791401195495079413e-05
9.787557064555585384e-05
9.764040441950783134e-05
9.730005695018917322e-05
9.687558970957373128e-05
9.656427331113566503e-05
9.650520708722372398e-05
9.665002289693802595e-05
9.695631403398390069e-05
9.724505556126435146e-05
9.747719983958329215e-05
9.750341026422877655e-05
9.738275305911277280e-05
9.708783424381788030e-05
9.677105360121156230e-05
9.661459868463377610e-05
9.667946384676422134e-05
9.677521423630726382e-05
9.710344723619830653e-05
9.682200955770288453e-05
9.659714851295575500e-05
9.575674387936790332e-05
9.507253829118174359e-05
9.451730996564340636e-05
9.432023701568444118e-05
9.442673278196404829e-05
9.461428635404445231e-05
9.479720999176303997e-05
9.474132942462649986e-05
9.458406808941315070e-05
9.450230451572376445e-05
9.456115488622647569e-05
9.482974807421366825e-05
9.505593576856578842e-05
9.526034409645944834e-05
9.536575089441612363e-05
9.550101094646379352e-05
9.560363347797344580e-05
9.559034030341233268e-05
9.541293184156529605e-05
9.507582217338494956e-05
9.481463591024900928e-05
9.470924245154795096e-05
9.492123960323321774e-05
9.545615588043195054e-05
9.604182923794724047e-05
9.653149512208376870e-05
9.662936645327135921e-05
9.634651966431799486e-05
9.553260194176498011e-05
9.453128829287986412e-05
9.365260969692219839e-05
9.315134472368906393e-05
9.313559106279474542e-05
9.351694946720574841e-05
9.415060897784617588e-05
9.470813529333099723e-05
9.508654936022746518e-05
9.499011139268986881e-05
9.472918585136842773e-05
9.435561878490261734e-05
9.429797501070424914e-05
9.444465589088697776e-05
9.478097369234698966e-05
9.477362254983745515e-05
9.436052763097298190e-05
9.365112661422851637e-05
9.311804387834854424e-05
9.300952297053299844e-05
9.307584938748429671e-05
9.295149963387909487e-05
9.234040165514063880e-05
9.165261872112751007e-05
9.132586031531293735e-05
9.175470040645450354e-05
9.257455773573990121e-05
9.332794919221971974e-05
9.348895522028517768e-05
9.337427885232803270e-05
9.310123520360018268e-05
9.318835752007241502e-05
9.329227759735658765e-05
9.334836189130631134e-05
9.332298213848844171e-05
9.329918611911125481e-05
9.387280200220023141e-05
9.459660698970158443e-05
9.562988513304541960e-05
9.635739115765318274e-05
9.689613337589737818e-05
9.689278764805446520e-05
9.650164914395038829e-05
9.569323932131131038e-05
9.416740552599851832e-05
9.110021831778188095e-05
8.965598196179296031e-05
9.151026097242720425e-05
9.181089505242805138e-05
8.973756363654199198e-05
8.937351473529513135e-05
9.047553733883735582e-05
9.006033481758397863e-05
8.891904629611720190e-05
8.910261870672304973e-05
8.954623626777902246e-05
8.894582060747779906e-05
8.843045119040955648e-05
8.870981643364454761e-05
8.876718129613436759e-05
8.828772236787092731e-05
8.809226953114072934e-05
8.824161462446984694e-05
8.814092749768558100e-05
8.782501148137573943e-05
8.771379604392375007e-05
8.773491814887772456e-05
8.764531958149746060e-05
8.752530629863031209e-05
8.749019737782266781e-05
8.739640300821822927e-05
8.722948283927205160e-05
8.715358853805810213e-05
8.721113287416908100e-05
8.723365438830417440e-05
8.715756727421346262e-05
8.707956779592980489e-05
8.707057956295709267e-05
8.704172554037843690e-05
8.689986619477470264e-05
8.672404146636836231e-05
8.659776964729341820e-05
8.654688887569743350e-05
8.651129004041042969e-05
8.645961012613649621e-05
8.641281480474087551e-05
8.639127918286249042e-05
8.642004589394976244e-05
8.643486216897144914e-05
8.641836150976207897e-05
8.639964532145920351e-05
8.635167614556849003e-05
8.628037297360909030e-05
8.615955327210637882e-05
8.603613241575658321e-05
8.595609445668135628e-05
8.591981046871903494e-05
8.591282312409020960e-05
8.590166301776965007e-05
8.586953723958383456e-05
8.586906672765810833e-05
8.589739203065012440e-05
8.592198234206686869e-05
8.590802220472444639e-05
8.582676067211043880e-05
8.569683025901515827e-05
8.555305491123969808e-05
8.539724027893196001e-05
8.528570591200453088e-05
8.525007918554668173e-05
8.529902091443848655e-05
8.540758184002091035e-05
8.547794398812887118e-05
8.551464634365402162e-05
8.546848766854964197e-05
8.537921409394282058e-05
8.525769832582834318e-05
8.513970897183753550e-05
8.504003441582123890e-05
8.497720530916315362e-05
8.496430867429201350e-05
8.496398853215698943e-05
8.500231948952811911e-05
8.499870333859386995e-05
8.497475331144717381e-05
8.489102886718076512e-05
8.484707965787190154e-05
8.483003451450106547e-05
8.479997147029887095e-05
8.474194085768733964e-05
8.461357720079831779e-05
8.449637122491064623e-05
8.437574191096548781e-05
8.428531267175760910e-05
8.420105586992576718e-05
8.416381873151597426e-05
8.417002148538206563e-05
8.420700275261576429e-05
8.425917500668826654e-05
8.432944014202803373e-05
8.437080881170307145e-05
8.438080597746495947e-05
8.430103359084266379e-05
8.414099041450147376e-05
8.393745520152151585e-05
8.381640266937513694e-05
8.380772123928181827e-05
8.388934778243613288e-05
8.398270074394531548e-05
8.410101145273074508e-05
8.420677234729130611e-05
8.426363759402495668e-05
8.424153323479306743e-05
8.414004090203282282e-05
8.403939621833463058e-05
8.393266277077297821e-05
8.392577728955075145e-05
8.404177909445327565e-05
8.426983307193343386e-05
8.453158200912487552e-05
8.468110293809634492e-05
8.465705711084108010e-05
8.436906379453527882e-05
8.394168617087416351e-05
8.344672460225410759e-05
8.324236841872334480e-05
8.324824617981600716e-05
8.347474188970711872e-05
8.371460474639509663e-05
8.382828552081870988e-05
8.377388318573746040e-05
8.355412865057587624e-05
8.329528645845130086e-05
8.309027543873526156e-05
8.303901146670493439e-05
8.313850654910008564e-05
8.335772266339820668e-05
8.356954761741992876e-05
8.375966232658053890e-05
8.385909556333596959e-05
8.379489008802920580e-05
8.359210066070470169e-05
8.329048796440474689e-05
8.316474850289523602e-05
8.320964358669395700e-05
8.354337842320092022e-05
8.375926699955016375e-05
8.389346961242456779e-05
8.355755562661215663e-05
8.313510625157505274e-05
8.276661295288552389e-05
8.258857633336447179e-05
8.252678162534721196e-05
8.246579697394433573e-05
8.246048188690717473e-05
8.245074059232138097e-05
8.253650715535816595e-05
8.261897164629772305e-05
8.270719869566771343e-05
8.280894083630603597e-05
8.289194981140705898e-05
8.297932193575736925e-05
8.293143158274081394e-05
8.273557735568222448e-05
8.243982544324050799e-05
8.232105028582736850e-05
8.240791066782549024e-05
8.271581100416369736e-05
8.294779157343630538e-05
8.286783001191604092e-05
8.256688549105699315e-05
8.216668720706366003e-05
8.195374054290975585e-05
8.195460031856782734e-05
8.203033333605465338e-05
8.208189440968756423e-05
8.210508409926357820e-05
8.214160940648677900e-05
8.240872921305708587e-05
8.275332705428202495e-05
8.319775830993118837e-05
8.317638275912031531e-05
8.298774143137659088e-05
8.226993668358772993e-05
8.174968873693917737e-05
8.137521945172920823e-05
8.132497047578605965e-05
8.139461472940941200e-05
8.152353620971553028e-05
8.159126082318834960e-05
8.162145240930840373e-05
8.159930439433082938e-05
8.157667980412952602e-05
8.174586885919173107e-05
8.215899651986546814e-05
8.278857179296512947e-05
8.317002963546353534e-05
8.321913143542285219e-05
8.256704798744370088e-05
8.174946560757234693e-05
8.112738820879410162e-05
8.100305664508293524e-05
8.142911489509667411e-05
8.210950060553538754e-05
8.263890049420297146e-05
8.122622966766357422e-05
7.915307530007946446e-05
7.928971414609502211e-05
8.034636145263600304e-05
8.013710248633287847e-05
7.921011638245545328e-05
7.895685363716135874e-05
7.913858765581001386e-05
7.908218807036367104e-05
7.892005911950643316e-05
7.875785013311542571e-05
7.856663432903587818e-05
7.845826985430903733e-05
7.845164630756092116e-05
7.838238767969112053e-05
7.823962490268361613e-05
7.814731967907088950e-05
7.808863423027408168e-05
7.798779309572030649e-05
7.792437827447429299e-05
7.790446519114387080e-05
7.784510307828895748e-05
7.772504492701652601e-05
7.764666467361773506e-05
7.761859645446141109e-05
7.755892632606749282e-05
7.747407774634969279e-05
7.745921660292272315e-05
7.747469620274689839e-05
7.743812602711841464e-05
7.732441372354514897e-05
7.724214204548236773e-05
7.723388625890947878e-05
7.721346022056725666e-05
7.713823166947501853e-05
7.705242630133095339e-05
7.701819898405422315e-05
7.700591838026109293e-05
7.699198370877032027e-05
7.696490259453032956e-05
7.695330350543372333e-05
7.694908830065590188e-05
7.693476800341159105e-05
7.687827140519705460e-05
7.679029537636476710e-05
7.673374057048931718e-05
7.671016768047896073e-05
7.671025014133192599e-05
7.668235775781795382e-05
7.665727146862384722e-05
7.665813366960112795e-05
7.665196001956549332e-05
7.663288852199912071e-05
7.659316664406408414e-05
7.653534339624457061e-05
7.645540244993753731e-05
7.636722875759005547e-05
7.627503509866073728e-05
7.620069663971662521e-05
7.616507476389718101e-05
7.617923862805280044e-05
7.622890431472721651e-05
7.626985097886063159e-05
7.629262351353342786e-05
7.627757804584689438e-05
7.626152728335000575e-05
7.621739738776038542e-05
7.618085146532393992e-05
7.612833360326476395e-05
7.608481973875313997e-05
7.605884942070891008e-05
7.606231641451206848e-05
7.604996790178120136e-05
7.601373363286256790e-05
7.595461405192811832e-05
7.587799336761236191e-05
7.584744283425000355e-05
7.583815386169590056e-05
7.585590477295529887e-05
7.582194424079109773e-05
7.577967699035070837e-05
7.572003111514884189e-05
7.565516474035878524e-05
7.560893209301866591e-05
7.557315742208932385e-05
7.555028908730794534e-05
7.556268610642291605e-05
7.562114600053367064e-05
7.572589311166666448e-05
7.582456601085141301e-05
7.584847116959281266e-05
7.582323814858682454e-05
7.570092808843280330e-05
7.555839935472856417e-05
7.543808897025883198e-05
7.538587548575985387e-05
7.540256289454798355e-05
7.548673481020766452e-05
7.561306968758192703e-05
7.573043452187751279e-05
7.583009816395740166e-05
7.586630817968398333e-05
7.588991502416320145e-05
7.590318637085147202e-05
7.603334961459040642e-05
7.611821274622343481e-05
7.622219345648773015e-05
7.619958705618046224e-05
7.611096225446090102e-05
7.586093003434750393e-05
7.553944548514361635e-05
7.526547293916034654e-05
7.511095221464832172e-05
7.517287910256224826e-05
7.520587071970415160e-05
7.531535932988238380e-05
7.520001478648434534e-05
7.514396565966308117e-05
7.503950958683465466e-05
7.503803256743897543e-05
7.515151325302819863e-05
7.527380876126699150e-05
7.526823901571333408e-05
7.507008316072945342e-05
7.474260564777068794e-05
7.445157340650136724e-05
7.428687119196790412e-05
7.431607324785242930e-05
7.449782303107592419e-05
7.471872474222134009e-05
7.491842795085783258e-05
7.507666426439148233e-05
7.520238189802815065e-05
7.527841929307517454e-05
7.516754461297144041e-05
7.491550544121612653e-05
7.458535886447255358e-05
7.434630970237776637e-05
7.434463987010531127e-05
7.459051509310181394e-05
7.498741615563631058e-05
7.540068569748352423e-05
7.575016449360798254e-05
7.594780133028204694e-05
7.598869948803137198e-05
7.578690565424039960e-05
7.533615765472252712e-05
7.473682126146741211e-05
7.407037992379628122e-05
7.357722885596255913e-05
7.337415566629108832e-05
7.349453881033696234e-05
7.386190312293668136e-05
7.429759352817200124e-05
7.473423708385477915e-05
7.506028608380195543e-05
7.523819901204357996e-05
7.522275336668826640e-05
7.515550411577957824e-05
7.505180352988342896e-05
7.503373005116979733e-05
7.500324015078756168e-05
7.506701028129707232e-05
7.517440947898042247e-05
7.529378369023713425e-05
7.546047224119926944e-05
7.536344855907373130e-05
7.503316010115668178e-05
7.448299826743702546e-05
7.399655078188516200e-05
7.391117348258073583e-05
7.422177804983220994e-05
7.461979233388167665e-05
7.493057031145629332e-05
7.493521722305256083e-05
7.497331656243962094e-05
7.472891229554079473e-05
7.442859108171735749e-05
7.389610012372334346e-05
7.345482420835953996e-05
7.324986412034679994e-05
7.333050355858479485e-05
7.370942330453544855e-05
7.398825740286459074e-05
7.423483839374966919e-05
7.422168831302163050e-05
7.421215923386625946e-05
7.439796293814045236e-05
7.477657103057329402e-05
7.521921118798975691e-05
7.541405405693997488e-05
7.521179698718090400e-05
7.478135497270461962e-05
7.428289003049333439e-05
7.391748901378984704e-05
7.366456096254599139e-05
7.337142233154736459e-05
7.304977892393556282e-05
7.287551973907586977e-05
7.299935532500967383e-05
7.253261840863463328e-05
7.152299319083492413e-05
7.129206399743755207e-05
7.179753811215050519e-05
7.202265017743532405e-05
7.152599694866997049e-05
7.104199661019568190e-05
7.109021074332606837e-05
7.136386557249352336e-05
7.134206559082183197e-05
7.099345142099385008e-05
7.076043524042081878e-05
7.078910372608031288e-05
7.087764849226611808e-05
7.084743022763480291e-05
7.070596863438065305e-05
7.055876994854770601e-05
7.050037796337467477e-05
7.052476212265901268e-05
7.053733012677791670e-05
7.045601523714140058e-05
7.032990833977237344e-05
7.027670653769746423e-05
7.030092698793548301e-05
7.034187486472849593e-05
7.030011329334229231e-05
7.018686786371593222e-05
7.009606755066973016e-05
7.010364788584411144e-05
7.013447126761700168e-05
7.010671591463808760e-05
7.001083213253878057e-05
6.991721966187469661e-05
6.986286825849674642e-05
6.986112687930774734e-05
6.988683890085667372e-05
6.989320536376908422e-05
6.987055288239692197e-05
6.981316376671505019e-05
6.975173770721691802e-05
6.970842756951849118e-05
6.966923441117008075e-05
6.964892842612850621e-05
6.961867741968792722e-05
6.957709047128446400e-05
6.954249693080782890e-05
6.952444406730744198e-05
6.951469307144482479e-05
6.950876559130847454e-05
6.950455644982866943e-05
6.952245773087876990e-05
6.954235626229395017e-05
6.951443477494952128e-05
6.944506458239629865e-05
6.935604081566755519e-05
6.929745601761776164e-05
6.927881380155061230e-05
6.929168497057010278e-05
6.929982676714037404e-05
6.928691679301361695e-05
6.929650044185109437e-05
6.932186079211533070e-05
6.934687310907368407e-05
6.933401527930982411e-05
6.929668719142985389e-05
6.919071529409848154e-05
6.908071251624885156e-05
6.897357404038000062e-05
6.892113742651417851e-05
6.892590317875146866e-05
6.897435499316391394e-05
6.903566948797863767e-05
6.909191506565548480e-05
6.914005037591171310e-05
6.915963482848989919e-05
6.913193283253349364e-05
6.902326034226764784e-05
6.890754715035048172e-05
6.876968958143454835e-05
6.868596756248734891e-05
6.863649711400891796e-05
6.864432119376336083e-05
6.869861075150159046e-05
6.879683375397387102e-05
6.890046643093228340e-05
6.902798607673805997e-05
6.907625841752935991e-05
6.906727260987584338e-05
6.897404091432690620e-05
6.883552002060848430e-05
6.868131822557188570e-05
6.855003812233917415e-05
6.850600766483694315e-05
6.853743495109181061e-05
6.856278074944081858e-05
6.853595186839811504e-05
6.845892251779635296e-05
6.837099984598656044e-05
6.830444059839162186e-05
6.824948650319129229e-05
6.820936202226827994e-05
6.817808268048490539e-05
6.819089321652427316e-05
6.823743630472260669e-05
6.831173474589984074e-05
6.840257022607450232e-05
6.848446719232015312e-05
6.850965777024005398e-05
6.849487666234684035e-05
6.840897185611538589e-05
6.832179618262064502e-05
6.824160542843553379e-05
6.827303392734999910e-05
6.830374816975866303e-05
6.840824911099237249e-05
6.858617537848961398e-05
6.875819114308494284e-05
6.898612749258366272e-05
6.912015669513493776e-05
6.902137465658597648e-05
6.877183962690953955e-05
6.851650565901461199e-05
6.825499440310522914e-05
6.812287150144887015e-05
6.809521801187656820e-05
6.807095875653128281e-05
6.796681676253986404e-05
6.787218444515019655e-05
6.774376136794064984e-05
6.770572266153369889e-05
6.780313924537040293e-05
6.797916406261113331e-05
6.817000394221395254e-05
6.833284472425778255e-05
6.846783799119293690e-05
6.851629101826499358e-05
6.851817427862745568e-05
6.842151803236144736e-05
6.826826574979349971e-05
6.807144139505301461e-05
6.786571369351197824e-05
6.774676270045650050e-05
6.774059268839967296e-05
6.789075390164119050e-05
6.805227652269725546e-05
6.817738540121354163e-05
6.815567273103322044e-05
6.806580495322123170e-05
6.804381215867276445e-05
6.811348309080737784e-05
6.825724146134841397e-05
6.829343449984055802e-05
6.815579520965305016e-05
6.785111569721873060e-05
6.758326829488699183e-05
6.748177232414794013e-05
6.761421051730091825e-05
6.783141846729752466e-05
6.809869349429693863e-05
6.827414351088616207e-05
6.829304159812939212e-05
6.807153962048080608e-05
6.778846000088378787e-05
6.764826684957370162e-05
6.769245252750503972e-05
6.776331065339036286e-05
6.776879187479305222e-05
6.765555735910311341e-05
6.746043072780594230e-05
6.728231649807032988e-05
6.729134474880993366e-05
6.741389249024602726e-05
6.775421570637263358e-05
6.817865141783840954e-05
6.881295242540848300e-05
6.925531488377600908e-05
6.975853951492656812e-05
6.977027563455824599e-05
6.973141838291969940e-05
6.942949282044234827e-05
6.919906688077996626e-05
6.892466141531865254e-05
6.868697649527651117e-05
6.842216195461030259e-05
6.804691899257402077e-05
6.761551291371385708e-05
6.718687776204508588e-05
6.693172569309051290e-05
6.681504479881066039e-05
6.686857401897820785e-05
6.689266713995796487e-05
6.680526833709639356e-05
6.660696089966222644e-05
6.634463352384045720e-05
6.616534786492896125e-05
6.618544405985933587e-05
6.644198219873942435e-05
6.671865291233795836e-05
6.688390809965009942e-05
